280	0.5373047028179302	0.0	0.4626952971820698
285	0.5936239286552485	0.0	0.4063760713447515
290	0.6146945958217437	0.0	0.3853054041782563
295	0.6066805554266144	0.0	0.39331944457338563
300	0.5990862975275985	0.0	0.40091370247240155
305	0.5938881452390772	0.0	0.4061118547609228
310	0.5891699123577451	0.0	0.4108300876422549
315	0.5838710264932	0.0	0.4161289735068
320	0.5770741952619214	0.0	0.4229258047380786
325	0.5678718452792586	0.0	0.4321281547207414
330	0.5560295422159152	0.0	0.44397045778408484
335	0.5415779221500915	0.0	0.4584220778499085
340	0.5248507734837897	0.0	0.4751492265162103
345	0.5063141180449382	0.0	0.4936858819550618
350	0.4865581897399717	0.0	0.5134418102600282
355	0.4656950586624276	0.0	0.5343049413375724
360	0.4387004323391314	0.0	0.5612995676608685
365	0.393222083894157	0.0	0.606777916105843
370	0.32866051762094195	0.0	0.671339482379058
375	0.25942961377094637	0.0	0.7405703862290536
380	0.1980004286304827	0.0	0.8019995713695173
385	0.14873421287127322	0.0	0.8512657871287268
390	0.10951193309181144	0.0	0.8904880669081886
395	0.07850733979754011	0.0	0.9214926602024599
400	0.054548388867821436	0.0	0.9454516111321786
405	0.03595548838975961	0.0	0.9640445116102404
410	0.022344329161533626	0.0	0.9776556708384664
415	0.012514334766380131	0.0	0.9874856652336199
420	0.006171449238946076	0.0	0.9938285507610539
425	0.002475457883417595	0.0	0.9975245421165824
430	0.0011315487224750809	0.0	0.9988684512775249
435	0.0015465432057950308	0.0	0.9984534567942049
440	0.003368801460669065	0.0	0.9966311985393309
445	0.0062448308522287605	0.0	0.9937551691477713
450	0.009775142981589394	0.0	0.9902248570184106
455	0.013823933307330854	0.0	0.9861760666926691
460	0.017942116300993474	0.0	0.9820578836990065
465	0.022064653299782654	0.0	0.9779353467002173
470	0.02644215861823458	0.0	0.9735578413817654
475	0.030753739192115218	0.0	0.9692462608078848
480	0.03478863657349607	0.0	0.9652113634265039
485	0.03858259937187554	0.0	0.9614174006281244
490	0.04185961806444214	0.0	0.9581403819355578
495	0.044859964353085986	0.0	0.955140035646914
500	0.047445233780493895	0.0	0.9525547662195061
505	0.049809583547235865	0.0	0.9501904164527641
510	0.05170340616432489	0.0	0.9482965938356751
515	0.05337861313785473	0.0	0.9466213868621453
520	0.05469318410753705	0.0	0.9453068158924629
525	0.05566791785026402	0.0	0.944332082149736
530	0.056435632796563065	0.0	0.943564367203437
535	0.0567316103591197	0.0	0.9432683896408803
540	0.05690162159633168	0.0	0.9430983784036683
545	0.056772722353609806	0.0	0.9432272776463901
550	0.056442700013096515	0.0	0.9435572999869035
555	0.05588405389384449	0.0	0.9441159461061555
560	0.055165467056566886	0.0	0.9448345329434331
565	0.054248886051518924	2.768956535e-315	0.9457511139484811
570	0.053171555678090975	6.037273e-317	0.946828444321909
575	0.05198010857731796	4.421765914998944e-280	0.9480198914226821
580	0.050614234783796834	3.4916970884050047e-258	0.9493857652162032
585	0.049236341053071966	1.2764387805587413e-280	0.950763658946928
590	0.047709136212704964	3.009499393210196e-278	0.952290863787295
595	0.046120615904198234	1.5841046620368077e-253	0.9538793840958018
600	0.044435819843986486	6.086443768394761e-234	0.9555641801560135
605	0.042749068297828346	2.91254803451132e-226	0.9572509317021717
610	0.04099660467655361	4.640285884635169e-221	0.9590033953234464
615	0.039188706256468094	3.859095791667532e-210	0.9608112937435319
620	0.03736017528101014	2.1381878626851855e-194	0.9626398247189899
625	0.035513444727395836	7.587619729466188e-193	0.9644865552726042
630	0.03367086017176692	1.040290483460016e-175	0.9663291398282331
635	0.031826109474490834	8.283801040287325e-161	0.9681738905255092
640	0.029993943529974483	4.821317438184487e-153	0.9700060564700255
645	0.02817274606847141	1.658746363440166e-145	0.9718272539315286
650	0.026404232321717968	3.384386311517511e-138	0.973595767678282
655	0.024679106301522594	4.742836406744275e-134	0.9753208936984774
660	0.023007612473699937	2.028171780984384e-132	0.9769923875263
665	0.02133775737292731	1.2153375245151462e-125	0.9786622426270727
670	0.01971505729059925	4.754453822540469e-119	0.9802849427094007
675	0.018145073518207357	1.2740958818586303e-112	0.9818549264817926
680	0.01664127531669157	2.2269069667460495e-106	0.9833587246833084
685	0.015216983349204296	2.6317526936518473e-104	0.9847830166507957
690	0.013854067180036444	1.483800083261622e-103	0.9861459328199635
695	0.0125523396913467	8.159789917562391e-103	0.9874476603086533
700	0.011300263043577539	1.1809143566605324e-98	0.9886997369564224
705	0.010109250095304403	4.4148388933255965e-93	0.9898907499046956
710	0.008974951914221334	1.1024496507513195e-87	0.9910250480857786
715	0.00792982940920275	1.0837288044654973e-84	0.9920701705907973
720	0.006967570913508995	4.153445099593982e-84	0.993032429086491
725	0.006053352451295787	8.122586087954152e-80	0.9939466475487042
730	0.005207992274151233	1.727365063953202e-75	0.9947920077258487
735	0.004449553546319506	5.57556537906294e-75	0.9955504464536805
740	0.0037522473528526835	8.456382210343086e-73	0.9962477526471473
745	0.0031165655054194072	3.3945495925245506e-68	0.9968834344945806
750	0.002558504620237252	3.22717448551108e-66	0.9974414953797628
755	0.0020731381162485732	8.764815290396603e-66	0.9979268618837515
760	0.0016519874207438676	2.9311957474687366e-62	0.9983480125792561
765	0.0012976395854220042	4.9123513987417406e-58	0.998702360414578
770	0.0010147837274645868	1.9870285007013104e-57	0.9989852162725354
775	0.0007976304333580812	5.673511843922504e-57	0.9992023695666419
780	0.0006451513107617752	4.7972208363070395e-53	0.9993548486892382
785	0.0005595639930240538	2.1582588528027234e-49	0.999440436006976
790	0.000538081775254042	4.3865524863606335e-49	0.999461918224746
795	0.0005788269260001676	1.3077192801464818e-48	0.9994211730739998
800	0.0006830215165969613	5.2552635122621205e-45	0.9993169784834031
805	0.0008487041457276465	1.9049167281420664e-41	0.9991512958542723
810	0.0010649431600699678	3.7460296874977564e-41	0.99893505683993
815	0.0013367358759431543	6.629260672449921e-41	0.9986632641240568
820	0.0016688399621800126	5.291879426348484e-38	0.99833116003782
825	0.002056226867285966	9.790536620878308e-35	0.997943773132714
830	0.0024851368125642487	3.242163850539246e-33	0.9975148631874358
835	0.0029582834303767216	1.828228218919592e-32	0.9970417165696233
840	0.0034798303819355463	1.009855907395699e-31	0.9965201696180644
845	0.00404805783327092	5.466149106645778e-31	0.9959519421667291
850	0.004661702971553724	2.9003617644825135e-30	0.9953382970284462
855	0.005319339790035609	1.509119097543034e-29	0.9946806602099644
860	0.006019346793781532	7.702719493339097e-29	0.9939806532062184
865	0.006760649119953785	3.857969513261637e-28	0.9932393508800462
870	0.007541244327067366	1.8967480321244633e-27	0.9924587556729326
875	0.00836045518386934	9.15661236449451e-27	0.9916395448161307
880	0.009216086845910965	4.3418026150014177e-26	0.990783913154089
885	0.010107283433694887	2.022774514248071e-25	0.9898927165663051
890	0.011032268817433202	9.261824654871756e-25	0.9889677311825668
895	0.011989806034933484	4.169113707647922e-24	0.9880101939650665
900	0.012978572284950238	1.845494220439753e-23	0.9870214277150497
905	0.013996930746189165	8.035714171603579e-23	0.9860030692538109
910	0.015044046731211336	3.442684256173816e-22	0.9849559532687887
915	0.01611785944135768	1.4515997191500338e-21	0.9838821405586423
920	0.0172180591713884	6.0254057739503225e-21	0.9827819408286116
925	0.018342138705450897	2.4627865484610572e-20	0.9816578612945491
930	0.019490349918478384	9.914618673916632e-20	0.9805096500815216
935	0.02065995881348023	3.932246746049239e-19	0.9793400411865197
940	0.02185106042694931	1.5368244068010496e-18	0.9781489395730507
945	0.023061436395074103	5.9200933629821114e-18	0.9769385636049259
950	0.024290754980895477	2.248292416886577e-17	0.9757092450191045
955	0.025537350435957236	8.419660956690878e-17	0.9744626495640426
960	0.026800438007504427	3.109919915801638e-16	0.9731995619924952
965	0.02807893824657638	1.133208942847935e-15	0.9719210617534225
970	0.029371576096816506	4.0744456727769306e-15	0.9706284239031794
975	0.030677889242637462	1.4458197628800733e-14	0.9693221107573481
980	0.031996086101997744	5.064481431267005e-14	0.9680039138979516
985	0.033326343571229364	1.7515255249722823e-13	0.9666736564285955
990	0.03466661904309808	5.98195785314177e-13	0.9653333809563037
995	0.036016889367210425	2.017891248804415e-12	0.9639831106307717
1000	0.03737571795179747	6.724512863477753e-12	0.962624282041478
1005	0.03874257233471243	2.2141737150500793e-11	0.9612574276431458
1010	0.040116640491664225	7.204901289911343e-11	0.9598833594362868
1015	0.04149686529357791	2.3173207073985826e-10	0.95850313447469
1020	0.042883067679566865	7.368183125617401e-10	0.9571169315836149
1025	0.044273655240454526	2.31645800658655e-09	0.9557263424430874
1030	0.045669090269732426	7.20193916312764e-09	0.9543309025283284
1035	0.047067248037952564	2.2146571496451875e-08	0.9529327298154759
1040	0.04846921399486851	6.736957822258882e-08	0.9515307186355533
1045	0.04987263130577214	2.0276356294066805e-07	0.9501271659306649
1050	0.05127832013956862	6.038798187559689e-07	0.9487210759806127
1055	0.0526845730945804	1.779964307037405e-06	0.9473136469411125
1060	0.054091650685075085	5.1932087823607e-06	0.9459031561061426
1065	0.05549848724894356	1.4999850593658339e-05	0.9444865129004628
1070	0.05690480531847414	4.289692552144855e-05	0.9430522977560044
1075	0.058310146216989794	0.00012148253601549379	0.9415683712469947
1080	0.05971371851881854	0.0003407292270181982	0.9399455522541632
1085	0.06111563710359725	0.0009466091190977918	0.9379377537773049
1090	0.06251463472496648	0.002605284857120114	0.9348800804179135
1095	0.06391134759199521	0.007104254994656502	0.9289843974133483
1100	0.06530433283857344	0.019196239966909594	0.915499427194517
1105	0.06669396231848042	0.05140457554099684	0.8819014621405227
1110	0.06807937170125185	0.13643589459094058	0.7954847337078075
1115	0.06946044104433514	0.3589622289322082	0.5715773300234567
1120	0.07083681403051159	0.9291631859694882	2.220446049250313e-16
1125	0.07220594121227901	0.9277940587877211	-1.1102230246251565e-16
1130	0.07357112918565815	0.9264288708143419	0.0
1135	0.07493146064676529	0.9250685393532345	2.220446049250313e-16
1140	0.07628745949593439	0.9237125405040655	1.1102230246251565e-16
1145	0.07763835834418525	0.9223616416558151	-4.440892098500626e-16
1150	0.07898608131039477	0.9210139186896052	0.0
1155	0.08032815664607752	0.9196718433539223	2.220446049250313e-16
1160	0.08166517285112544	0.9183348271488746	0.0
1165	0.08299628187710059	0.9170037181228998	-4.440892098500626e-16
1170	0.08432172458242808	0.9156782754175721	-1.1102230246251565e-16
1175	0.08564100729029164	0.9143589927097087	-3.3306690738754696e-16
1180	0.08695410103290029	0.9130458989671	-2.220446049250313e-16
1185	0.0882607724978967	0.9117392275021031	2.220446049250313e-16
1190	0.0895608159224569	0.9104391840775437	-5.551115123125783e-16
1195	0.09085416624070937	0.9091458337592909	-3.3306690738754696e-16
1200	0.09214052822485559	0.9078594717751445	-1.1102230246251565e-16
1205	0.09342579899807193	0.9065742010019279	2.220446049250313e-16
1210	0.09470462093384735	0.9052953790661521	5.551115123125783e-16
1215	0.09597665205322983	0.9040233479467694	7.771561172376096e-16
1220	0.09724183640265656	0.9027581635973437	-3.3306690738754696e-16
1225	0.09849993186350173	0.9015000681364982	1.1102230246251565e-16
1230	0.09975098983093311	0.9002490101690672	-3.3306690738754696e-16
1235	0.1009947307966496	0.8990052692033504	0.0
1240	0.10223122944211907	0.8977687705578811	-1.1102230246251565e-16
1245	0.10346025584144906	0.8965397441585508	2.220446049250313e-16
1250	0.10468182555574655	0.8953181744442535	-1.1102230246251565e-16
1255	0.10589582679114605	0.8941041732088539	0.0
1260	0.10710214947894502	0.8928978505210547	2.220446049250313e-16
1265	0.10830080640131759	0.8916991935986823	1.1102230246251565e-16
1270	0.10949167050138783	0.890508329498612	1.1102230246251565e-16
1275	0.11067473508954277	0.889325264910457	2.220446049250313e-16
1280	0.11184995291469671	0.8881500470853032	1.1102230246251565e-16
1285	0.11301723262939989	0.8869827673706	1.1102230246251565e-16
1290	0.11417665860862428	0.8858233413913758	0.0
1295	0.11532800635868387	0.8846719936413165	-4.440892098500626e-16
1300	0.11647153252546898	0.8835284674745307	3.3306690738754696e-16
1305	0.117606846744795	0.8823931532552046	3.3306690738754696e-16
1310	0.11873439871021008	0.8812656012897901	-2.220446049250313e-16
1315	0.1198536258892147	0.8801463741107853	0.0
1320	0.12096508117156708	0.8790349188284332	-3.3306690738754696e-16
1325	0.1220683004408472	0.8779316995591528	0.0
1330	0.12316366211099962	0.8768363378890003	1.1102230246251565e-16
1335	0.12425089915042586	0.8757491008495739	2.220446049250313e-16
1340	0.1253302123146978	0.8746697876853021	1.1102230246251565e-16
1345	0.12640152031621849	0.8735984796837812	2.220446049250313e-16
1350	0.12746487288295755	0.872535127117042	5.551115123125783e-16
1355	0.1285203373761827	0.8714796626238174	-1.1102230246251565e-16
1360	0.12956786090330863	0.8704321390966915	-1.1102230246251565e-16
1365	0.13060759095961996	0.8693924090403801	0.0
1370	0.13163945698087018	0.8683605430191298	0.0
1375	0.13262681063405696	0.8673731893659431	0.0
1380	0.1335821250092683	0.8664178749907318	-1.1102230246251565e-16
1385	0.13452795844363524	0.865472041556365	-2.220446049250313e-16
1390	0.13546451701520376	0.8645354829847959	3.3306690738754696e-16
1395	0.13639173443016295	0.863608265569837	0.0
1400	0.1373105142329629	0.8626894857670367	3.3306690738754696e-16
1405	0.13828942808332426	0.8617105719166757	1.1102230246251565e-16
1410	0.13926115338188358	0.8607388466181161	3.3306690738754696e-16
1415	0.140225933690182	0.8597740663098181	-1.1102230246251565e-16
1420	0.14118347889844382	0.8588165211015565	-3.3306690738754696e-16
1425	0.14213450004460604	0.8578654999553937	2.220446049250313e-16
1430	0.1430783418595617	0.856921658140438	3.3306690738754696e-16
1435	0.1440158036479083	0.8559841963520916	1.1102230246251565e-16
1440	0.14494635502560058	0.8550536449743992	2.220446049250313e-16
1445	0.14587057559735223	0.8541294244026479	-1.1102230246251565e-16
1450	0.1467882875615413	0.8532117124384586	1.1102230246251565e-16
1455	0.14769960069299112	0.8523003993070085	3.3306690738754696e-16
1460	0.14860496752908975	0.8513950324709104	-1.1102230246251565e-16
1465	0.14950372460679506	0.8504962753932049	0.0
1470	0.1503972802781328	0.8496027197218669	3.3306690738754696e-16
1475	0.1512838463956461	0.8487161536043544	-4.440892098500626e-16
1480	0.15216616719870593	0.8478338328012939	2.220446049250313e-16
1485	0.1530415520724664	0.8469584479275335	1.1102230246251565e-16
1490	0.15391262552318372	0.8460873744768164	-1.1102230246251565e-16
1495	0.15477744845935004	0.8452225515406498	1.1102230246251565e-16
1500	0.1556377182703581	0.8443622817296421	-2.220446049250313e-16
1505	0.15649264325133333	0.8435073567486662	4.440892098500626e-16
1510	0.15734256894393545	0.8426574310560646	0.0
1515	0.15818830868621692	0.8418116913137832	-1.1102230246251565e-16
1520	0.15902836663928246	0.8409716333607178	-2.220446049250313e-16
1525	0.15986568503948895	0.8401343149605107	3.3306690738754696e-16
1530	0.16069637325321642	0.8393036267467833	3.3306690738754696e-16
1535	0.1615267384480886	0.838458095953214	1.5165598697408633e-05
1540	0.162337030756165	0.8376374236248214	2.5545619013578325e-05
1545	0.16311702346600815	0.8368575488075696	2.5427726422222463e-05
1550	0.1638904946285242	0.8360841945089078	2.531086256796211e-05
1555	0.16465798888682096	0.8353168159640314	2.519514914767207e-05
1560	0.16541937853326238	0.8345555409506236	2.5080516114051044e-05
1565	0.1661744754729742	0.8338005576188391	2.496690818676317e-05
1570	0.16692347705748703	0.8330516686081596	2.48543343533969e-05
1575	0.16766660584537968	0.8323086513151863	2.4742839433988806e-05
1580	0.16840368034899927	0.8315716873098876	2.463234111316215e-05
1585	0.16913464408721196	0.8308408330971666	2.452281562148606e-05
1590	0.1698599603867372	0.8301156252733312	2.4414339931611018e-05
1595	0.17057927884482618	0.8293964143373292	2.4306817844599315e-05
1600	0.17129281413501968	0.8286829856289769	2.4200236003468767e-05
1605	0.1720086333884866	0.8279672729374994	2.4093674014014077e-05
1610	0.17271950684471937	0.8272541064555503	2.6386699730318597e-05
1615	0.173424084527772	0.8265496439341335	2.6271538094424507e-05
1620	0.17412290824482163	0.82585093443171	2.6157323468334326e-05
1625	0.17481653290014995	0.825157422900153	2.6044199696984016e-05
1630	0.17550451533976572	0.8244695526544675	2.5932005766726718e-05
1635	0.1761872195396482	0.8237869596274748	2.582083287694381e-05
1640	0.17686435530522163	0.8231099341322987	2.571056247968606e-05
1645	0.17753646368543907	0.8224379349779952	2.5601336565705957e-05
1650	0.17820302285844994	0.8217714841700056	2.5492971544527343e-05
1655	0.17886443991016324	0.8211101745176351	2.538557220166382e-05
1660	0.17952073699492982	0.820453983895722	2.5279109348130824e-05
1665	0.18017170721209197	0.8198031192741055	2.517351380249e-05
1670	0.18081758173072277	0.8191573494531653	2.5068816111972758e-05
1675	0.18145849326346797	0.8185165416920531	2.496504447890846e-05
1680	0.18209440282472378	0.8178807350219496	2.4862153326643543e-05
1685	0.18272606488064977	0.817246924197487	2.7010921863190873e-05
1690	0.1833519073092419	0.8166211921706343	2.6900520123773752e-05
1695	0.1839728372007098	0.8160003717509449	2.679104834535373e-05
1700	0.18459246900554047	0.8153808489768992	2.6682017560286653e-05
1705	0.18520823904400632	0.8147651871802006	2.657377579307063e-05
1710	0.18581928797879974	0.8141542455925144	2.646642868586735e-05
1715	0.18642560931385066	0.8135480307224484	2.635996370092819e-05
1720	0.1870271561809818	0.8129465894883282	2.6254330690034244e-05
1725	0.18762406332225948	0.812349787115086	2.6149562654564917e-05
1730	0.18821652502433026	0.8117574292869552	2.6045688714559923e-05
1735	0.18880443671479766	0.8111696206203832	2.59426648191452e-05
1740	0.18938763980240264	0.810586519792421	2.5840405176391634e-05
1745	0.18996649485180556	0.8100077661305661	2.573901762825681e-05
1750	0.19054084733482246	0.8094335142466627	2.563841851488391e-05
1755	0.19111165833690014	0.8088606749033208	2.766675977905475e-05
1760	0.19167712390788788	0.8082953166205037	2.755947160848482e-05
1765	0.192238517708336	0.8077340291561731	2.7453135490906888e-05
1770	0.19279537595952664	0.8071772764906853	2.734754978805931e-05
1775	0.19334796205746904	0.8066247951440073	2.7242798523618994e-05
1780	0.19389659481035704	0.8060762662255065	2.7138964136419474e-05
1785	0.1944407743034233	0.8055321898427202	2.7035853856438585e-05
1790	0.1949808255942734	0.8049922408528324	2.6933552894181645e-05
1795	0.1955167488605063	0.8044564190886706	2.683205082310014e-05
1800	0.19604865422015869	0.80392461444891	2.6731330931339947e-05
1805	0.19658062340846333	0.8033927457202346	2.6630871302169012e-05
1810	0.19710863820918378	0.8028648306021748	2.6531188641376602e-05
1815	0.19763351585458722	0.8023380187204503	2.8465424962487162e-05
1820	0.19815343725972445	0.801818203121174	2.8359619101525624e-05
1825	0.19866969993194747	0.8013020453545626	2.825471348988362e-05
1830	0.1991821260137927	0.8007897233825192	2.815060368810407e-05
1835	0.19969049827644492	0.80028145453301	2.8047190545055223e-05
1840	0.2001953291047885	0.799776726245105	2.7944650106581648e-05
1845	0.20069616778975827	0.799275989422411	2.784278783074523e-05
1850	0.20119352815105992	0.7987787300668122	2.7741782127832515e-05
1855	0.20168696501011535	0.7982853935500596	2.764143982503242e-05
1860	0.20217675489700068	0.7977957032599181	2.754184308118024e-05
1865	0.20266301646108786	0.7973095405080698	2.7443030842344562e-05
1870	0.203145765155619	0.7968266945869646	2.754025741635857e-05
1875	0.2036255040647051	0.7963453022265552	2.9193708739772006e-05
1880	0.20410092695026844	0.7958699829538334	2.9090095898132162e-05
1885	0.20457293011731603	0.7953980825971583	2.8987285525694517e-05
1890	0.20504136032137263	0.7949297545017051	2.8885176922233136e-05
1895	0.20550629600972	0.7944649201957289	2.8783794551068276e-05
1900	0.2059678660894772	0.7940034507449504	2.8683165572362945e-05
1905	0.20642609556053332	0.7935453211484071	2.8583291059591787e-05
1910	0.20688094634185986	0.7930905695349361	2.848412320410887e-05
1915	0.20733229590460467	0.7926393185001893	2.8385595206015246e-05
1920	0.2077805385954349	0.7921911735468522	2.828785771291642e-05
1925	0.20822607837378823	0.791743851619366	3.007000684573935e-05
1930	0.20866765401379164	0.7913023788204866	2.9967165721789257e-05
1935	0.20910606721136196	0.7908640677008121	2.9865087825986514e-05
1940	0.20954116907680018	0.7904290672548032	2.9763668396576293e-05
1945	0.20997309063417152	0.7899972464041888	2.9662961639753682e-05
1950	0.210401890789077	0.7895685462445072	2.9562966415763725e-05
1955	0.21082754436724782	0.7891429919731312	2.94636596209763e-05
1960	0.21125023888466443	0.7887203960098149	2.936510552065119e-05
1965	0.21166970818563965	0.7883010246543685	2.9267159991852587e-05
1970	0.2120861583084609	0.787884671794362	2.9169897177161452e-05
1975	0.21250035597477832	0.7874687537393316	3.0890285890095015e-05
1980	0.21291081225367375	0.7870583993782975	3.0788368028722424e-05
1985	0.21331830584869022	0.7866510069973774	3.068715393228505e-05
1990	0.21372281889153463	0.7862465945047897	3.0586603675608615e-05
1995	0.21412432557354896	0.785845187734103	3.0486692348064004e-05
2000	0.21452310287997128	0.7854465095785231	3.0387541505638715e-05
2005	0.21493050346360254	0.7850392091598865	3.028737651100677e-05
2010	0.21533533729626111	0.7846344747100817	3.0187993657171397e-05
2015	0.21573721143312194	0.784232699399894	3.008916698399311e-05
2020	0.21613665979438032	0.783832689022848	3.065118277167933e-05
2025	0.216533577159119	0.783434771005934	3.165183494702184e-05
2030	0.2169273482347295	0.7830411024897656	3.1549275504971774e-05
2035	0.2173184480169016	0.7826501045896455	3.1447393452954664e-05
2040	0.21770692086392676	0.7822617329498438	3.1346186229463946e-05
2045	0.2180927656155363	0.7818759887413405	3.1245643123289923e-05
2050	0.21847602192820825	0.7814928323123479	3.114575944385134e-05
2055	0.21885661256887803	0.7811123409521726	3.104647894935919e-05
2060	0.21923464491321157	0.7807344072489858	3.094783780266397e-05
2065	0.2196109189998721	0.780356517361487	3.256363864090339e-05
2070	0.2199838839218185	0.7799836552279269	3.246085025465639e-05
2075	0.2203542877194122	0.7796133535954831	3.235868510464979e-05
2080	0.22072239763354043	0.7792453450802341	3.225728622546775e-05
2085	0.22108789352324107	0.7788799500387485	3.2156438010355615e-05
2090	0.2214509554394789	0.7785169883324778	3.2056228043253476e-05
2095	0.22181160342648115	0.778156439914188	3.195665933075631e-05
2100	0.2221698659684413	0.7777982763087029	3.185772285585475e-05
2105	0.2225256899328494	0.7774425506930186	3.175937413202323e-05
2110	0.222879848427273	0.7770868236619335	3.332791079357911e-05
2115	0.22323105117315234	0.7767357230935952	3.3225733252484346e-05
2120	0.223579812040705	0.7763870638544828	3.3124104812265465e-05
2125	0.22392636181473782	0.7760406150099329	3.3023175329272014e-05
2130	0.2242706344876052	0.7756964426407967	3.2922871598062287e-05
2135	0.22461256698264043	0.7753546098778173	3.2823139542226265e-05
2140	0.2249522643921703	0.7750150115825019	3.2724025327834916e-05
2145	0.22528973826021542	0.774677636212428	3.262552735650015e-05
2150	0.22562574160548124	0.7743401044741098	3.415392040895249e-05
2155	0.22595866597455863	0.7740072823747064	3.405165073500083e-05
2160	0.22628959568972778	0.7736764541778065	3.395013246576539e-05
2165	0.2266182517729959	0.773347899079129	3.384914787507576e-05
2170	0.2269448600756276	0.7730213910857593	3.374883861306799e-05
2175	0.22726922869892746	0.7726971222501744	3.3649050898088007e-05
2180	0.22759153955128936	0.7723749105540799	3.354989463077995e-05
2185	0.22791185660284544	0.7720546919882953	3.3451408859241916e-05
2190	0.22823070564343428	0.7717343527740985	3.494158246719614e-05
2195	0.22854678927921487	0.7714183711673404	3.483955344474321e-05
2200	0.22886084294071168	0.7711044189256135	3.4738133674716565e-05
2205	0.22917272615710055	0.7707926366424014	3.463720049801111e-05
2210	0.22948276711584395	0.7704826958936262	3.453699052990977e-05
2215	0.22979082629429154	0.7701747363232626	3.443738244579553e-05
2220	0.23009676732652623	0.7698688944338749	3.433823959897442e-05
2225	0.23040154819750241	0.7695626557943344	3.579600816328021e-05
2230	0.23070366286377297	0.7692606435035718	3.5693632655209306e-05
2235	0.23100379612360303	0.768960612064574	3.55918118229992e-05
2240	0.23130203338831687	0.7686624760197994	3.549059188368009e-05
2245	0.23159836282213458	0.7683662472248778	3.538995298768555e-05
2250	0.23189284774752691	0.7680718623289929	3.528992348011961e-05
2255	0.2321854301949169	0.7677793793612049	3.5190443878230226e-05
2260	0.23247688828584243	0.7674864945365956	3.6617177561981684e-05
2265	0.2327657747493131	0.7671977106940939	3.651455659303693e-05
2270	0.23305282312401465	0.7669107643717893	3.641250419605946e-05
2275	0.23333807274095883	0.766625616212723	3.6311046318182605e-05
2280	0.23362153157655824	0.7663422582591164	3.621016432542312e-05
2285	0.23390320503232984	0.7660606851141334	3.610985353674767e-05
2290	0.23418300838670622	0.7657809816029186	3.6010010375120416e-05
2295	0.2344618734337143	0.7655007195327899	3.740703349586205e-05
2300	0.23473818693085163	0.7652245088697861	3.730419936232021e-05
2305	0.2350128334500309	0.7649499645488078	3.720200116130723e-05
2310	0.23528580979893615	0.7646770897906401	3.7100410423818175e-05
2315	0.23555700102849586	0.7644059996653776	3.699930612655056e-05
2320	0.23582652497067844	0.7641365762523705	3.689877695101096e-05
2325	0.23609437788354587	0.7638688233065886	3.679880986562356e-05
2330	0.23636126141131494	0.7636005713123529	3.816727633210171e-05
2335	0.23662577505394022	0.7633361605235711	3.806442248865949e-05
2340	0.2368886174098988	0.7630734204988902	3.796209121109673e-05
2345	0.23714994186236246	0.7628121977074652	3.786043017228735e-05
2350	0.23740952252032457	0.762552718297474	3.7759182201502206e-05
2355	0.23766759645431973	0.7622947449640434	3.765858163684577e-05
2360	0.237924742239858	0.7620362547966106	3.900296353132049e-05
2365	0.2381795891585623	0.7617815112911092	3.889955032854164e-05
2370	0.23843289328683537	0.7615283100029513	3.879671021334019e-05
2375	0.23868464988117197	0.7612766556902337	3.8694428594276964e-05
2380	0.2389348792295907	0.7610265280679208	3.859270248851576e-05
2385	0.23918358991184507	0.7607779185562822	3.84915318727419e-05
2390	0.23943143981367318	0.7605287847516997	3.977543462707622e-05
2395	0.23967703376615873	0.7602832574819088	3.970875193248791e-05
2400	0.23992121574060016	0.7600391787856332	3.960547376669066e-05
2405	0.24016394717121486	0.7597965500494842	3.950277930087065e-05
2410	0.2404050903749777	0.7595555091389469	3.94004860754249e-05
2415	0.2406448865603117	0.759315814578773	3.9298860915359946e-05
2420	0.24088378600434174	0.7590756998876842	4.0514107974010116e-05
2425	0.24112064978652117	0.758838856971435	4.049324204380422e-05
2430	0.24135606354844807	0.7586035469119918	4.0389539560092835e-05
2435	0.24159006939277092	0.758369644219542	4.028638768704962e-05
2440	0.2418221497534204	0.7581376663735926	4.0183872986987446e-05
2445	0.24205242234231358	0.7579074956899554	4.0081967730976054e-05
2450	0.2422816330903904	0.7576775707653917	4.079614421792499e-05
2455	0.24250937863437383	0.7574493666947655	4.12546708606909e-05
2460	0.24273555278205547	0.757223296315361	4.115090258349774e-05
2465	0.24296025577508623	0.7569986967027016	4.1047522212123155e-05
2470	0.24318364964527664	0.7567754056449428	4.0944709780554867e-05
2475	0.24340568693046277	0.7565534706736033	4.084239593382666e-05
2480	0.24362712326628838	0.7563308663792833	4.201035442841228e-05
2485	0.2438465846141597	0.7561114213367457	4.19940490945514e-05
2490	0.2440647106634334	0.7558933993729497	4.188996361687014e-05
2495	0.24428142840166078	0.7556767853422897	4.1786256049558546e-05
2500	0.24449698981861812	0.7554613269446734	4.1683236708500715e-05
