280	2.9184477848101285	5.28548259493671
285	3.537114503816793	5.424291603053435
290	4.367771323529411	5.266616911764706
295	4.876727662616155	4.66249535382416
300	5.003750860289057	4.16087680660702
305	5.020246657754011	3.8194592245989316
310	5.009967907573812	3.5851386392811295
315	5.009616438356164	3.420164383561644
320	5.02324154589372	3.3001932367149758
325	5.05538700234192	3.2034443793911005
330	5.098017583664209	3.124228020419739
335	5.155010549694613	3.0589444752915047
340	5.2222369693713055	3.011543793659323
345	5.3087027027027025	2.98572972972973
350	5.435224593495935	2.98842581300813
355	5.656600982800983	3.018546437346437
360	6.050898703792608	2.9900110417666825
365	6.55029888785913	2.66426923076923
370	6.811111312217195	2.0320823529411753
375	6.736719840919134	1.3998475475033152
380	6.469607158257871	0.9668434670116439
385	6.186708456037022	0.7153172065628947
390	5.942588330632092	0.5581410048622372
395	5.7383461082576055	0.4534871592256027
400	5.5680727762803235	0.38619907585675783
405	5.424522614975295	0.33061079437476254
410	5.296754535357275	0.2953169196593852
415	5.185752614496935	0.2602506310854671
420	5.088438947368421	0.23754947368421056
425	5.002262295081968	0.20987704918032787
430	4.923366116537555	0.19547322330751093
435	4.851808977719529	0.185
440	4.786705189430118	0.16920885068449537
445	4.728670329670329	0.15326813186813187
450	4.673735895089966	0.1451110094541018
455	4.62302434625789	0.1314863240156297
460	4.5758654800116725	0.13023781733294426
465	4.531715353651524	0.1330598044853364
470	4.491934170153417	0.12
475	4.454171428571429	0.1052142857142858
480	4.41981877197728	0.09341249661888017
485	4.386575137686861	0.08226252294781015
490	4.355291171915333	0.07802426432627775
495	4.325376016260162	0.0739349593495935
500	4.297581549815498	0.07286051660516601
505	4.271589203582668	0.06747567175018157
510	4.246021671826625	0.0666130030959752
515	4.222416256734598	0.06
520	4.200044229440221	0.05685141672425706
525	4.178458890147225	0.05323035107587772
530	4.1582887478108574	0.043074868651488636
535	4.137794060684312	0.04538928340865071
540	4.119562605752961	0.0471912013536379
545	4.1016616791354945	0.044
550	4.084374438546345	0.04053082890975897
555	4.068128760529483	0.033826714801444085
560	4.052473704943864	0.03618948197754575
565	4.037497969444981	0.03256275381937731
570	4.022585754985755	0.03302450142450143
575	4.009150978564771	0.02943019571295433
580	3.9953246111619394	0.027359011893870078
585	3.9825249551166966	0.03
590	3.9699576301615798	0.03
595	3.958422758499207	0.027559098115201686
600	3.947144634525661	0.025637636080870923
605	3.9365830508474575	0.025
610	3.926127970749543	0.02462522851919561
615	3.9155796676441836	0.023596611274030614
620	3.905792398594698	0.022
625	3.895412328329607	0.022
630	3.8863920801377367	0.02019784003756458
635	3.8774933292439813	0.018624444103665087
640	3.8683271744028844	0.017860597866907014
645	3.8593141054529068	0.01710950878774223
650	3.8510879799911724	0.016371634544652052
655	3.843436185537309	0.016
660	3.8361747285291217	0.015924975320829215
665	3.8284184177125935	0.015219856155690306
670	3.820775569358178	0.014525051759834364
675	3.8133848750844024	0.01383848750844024
680	3.806632680621202	0.013163268062120183
685	3.8004922711058264	0.013
690	3.7945788861610024	0.013
695	3.788764181418788	0.013
700	3.7830395451674037	0.012559949463044857
705	3.777298505619365	0.011929850561936522
710	3.77112337902927	0.01131233790292701
715	3.7659122510561254	0.011
720	3.7616877489438747	0.011
725	3.7565573113207544	0.010506367924528298
730	3.7514307763188204	0.01
735	3.7473994471319974	0.01
740	3.742951186593184	0.009772354065909346
745	3.7378898886514453	0.00920998762793836
750	3.73324843561313	0.009
755	3.728857174223296	0.009
760	3.7249818922104363	0.008568841744348011
765	3.7212317582770815	0.00803310832529733
770	3.717567321764583	0.008
775	3.7138853094097257	0.00798725660108064
780	3.7092976857987563	0.007477520644306248
785	3.7047487077534793	0.007
790	3.700772564612326	0.007
795	3.696776765817266	0.006975196201918422
800	3.692416723185738	0.006490747020637539
805	3.68805668055421	0.006006297839356657
810	3.684738884168791	0.006
815	3.6814348154441614	0.006
820	3.6778058850574715	0.005600735632183909
825	3.674127724137931	0.005140965517241381
830	3.671381270298916	0.004940922273683063
835	3.669046788468682	0.00485572220688621
840	3.6667123066384484	0.004770522140089358
845	3.6643778248082146	0.004685322073292506
850	3.662043342977981	0.004600122006495654
855	3.659708861147747	0.004514921939698801
860	3.6573743793175133	0.004429721872901949
865	3.6550398974872795	0.004344521806105096
870	3.6527054156570458	0.004259321739308244
875	3.650370933826812	0.0041741216725113914
880	3.6480364519965782	0.004088921605714539
885	3.6457019701663445	0.0040037215389176865
890	3.6433674883361107	0.003918521472120835
895	3.6410330065058774	0.003833321405323982
900	3.6386985246756436	0.00374812133852713
905	3.63636404284541	0.0036629212717302776
910	3.634029561015176	0.003577721204933425
915	3.6316950791849423	0.0034925211381365727
920	3.6293605973547085	0.00340732107133972
925	3.6270261155244747	0.0033221210045428677
930	3.624691633694241	0.0032369209377460153
935	3.622357151864007	0.0031517208709491633
940	3.6200226700337734	0.003066520804152311
945	3.6176881882035397	0.0029813207373554584
950	3.615353706373306	0.002896120670558606
955	3.613019224543072	0.002810920603761754
960	3.6106847427128383	0.0027257205369649014
965	3.6083502608826046	0.002640520470168049
970	3.606015779052371	0.0025553204033711965
975	3.603681297222137	0.002470120336574344
980	3.6013468153919033	0.002384920269777492
985	3.5990123335616695	0.0022997202029806396
990	3.5966778517314357	0.002214520136183787
995	3.594343369901202	0.0021293200693869347
1000	3.592008888070968	0.002044120002590082
1005	3.5896744062407344	0.00195891993579323
1010	3.5873399244105006	0.0018737198689963777
1015	3.585005442580267	0.0017885198021995253
1020	3.582670960750033	0.0017033197354026728
1025	3.5803364789197993	0.0016181196686058203
1030	3.5780019970895656	0.0015329196018089683
1035	3.5756675152593322	0.0014477195350121159
1040	3.5733330334290985	0.0013625194682152634
1045	3.5709985515988647	0.001277319401418411
1050	3.568664069768631	0.0011921193346215585
1055	3.566329587938397	0.0011069192678247065
1060	3.5639951061081634	0.001021719201027854
1065	3.5616606242779296	0.0009365191342310016
1070	3.559326142447696	0.0008513190674341491
1075	3.556991660617462	0.0007661190006372966
1080	3.5546571787872283	0.0006809189338404442
1085	3.5523226969569945	0.0005957188670435917
1090	3.5499882151267608	0.0005105188002467401
1095	3.547653733296527	0.0004253187334498877
1100	3.5453192514662932	0.0003401186666530352
1105	3.5429847696360595	0.00025491859985618277
1110	3.5406502878058257	0.0001697185330593303
1115	3.538315805975592	8.451846626247785e-05
1120	3.5359899032393773	0.0
1125	3.534727808161548	0.0
1130	3.533465713083719	0.0
1135	3.5322036180058896	0.0
1140	3.5309415229280603	0.0
1145	3.5297525681898687	0.0
1150	3.5287784272051006	0.0
1155	3.527804286220333	0.0
1160	3.526830145235565	0.0
1165	3.525856004250797	0.0
1170	3.524881863266029	0.0
1175	3.523907722281261	0.0
1180	3.5229335812964933	0.0
1185	3.521959440311725	0.0
1190	3.520985299326957	0.0
1195	3.5200111583421894	0.0
1200	3.5190370173574212	0.0
1205	3.5184958364875096	0.0
1210	3.517971757992197	0.0
1215	3.5174476794968847	0.0
1220	3.5169236010015723	0.0
1225	3.51639952250626	0.0
1230	3.5158754440109474	0.0
1235	3.515351365515635	0.0
1240	3.5148272870203225	0.0
1245	3.51430320852501	0.0
1250	3.5137791300296977	0.0
1255	3.513255051534385	0.0
1260	3.5127309730390732	0.0
1265	3.512206894543761	0.0
1270	3.5116828160484483	0.0
1275	3.511158737553136	0.0
1280	3.5106346590578235	0.0
1285	3.510110580562511	0.0
1290	3.5095865020671986	0.0
1295	3.509062423571886	0.0
1300	3.5085383450765737	0.0
1305	3.5080142665812613	0.0
1310	3.507490188085949	0.0
1315	3.5069661095906364	0.0
1320	3.506442031095324	0.0
1325	3.5059179526000115	0.0
1330	3.505393874104699	0.0
1335	3.5048697956093866	0.0
1340	3.504345717114074	0.0
1345	3.5038216386187617	0.0
1350	3.5032975601234497	0.0
1355	3.5027734816281373	0.0
1360	3.502249403132825	0.0
1365	3.5017253246375124	0.0
1370	3.5012012461422	0.0
1375	3.4995715305030326	0.0
1380	3.4972525865144486	0.0
1385	3.494933642525865	0.0
1390	3.4926146985372815	0.0
1395	3.490295754548698	0.0
1400	3.48799621183423	0.0
1405	3.4876173952572165	0.0
1410	3.487238578680203	0.0
1415	3.48685976210319	0.0
1420	3.4864809455261763	0.0
1425	3.4861021289491627	0.0
1430	3.4857233123721496	0.0
1435	3.485344495795136	0.0
1440	3.4849656792181225	0.0
1445	3.4845868626411094	0.0
1450	3.484208046064096	0.0
1455	3.4838292294870823	0.0
1460	3.483450412910069	0.0
1465	3.4830715963330556	0.0
1470	3.482692779756042	0.0
1475	3.482313963179029	0.0
1480	3.4819351466020154	0.0
1485	3.481556330025002	0.0
1490	3.4811775134479888	0.0
1495	3.480798696870975	0.0
1500	3.4804198802939617	0.0
1505	3.4800410637169485	0.0
1510	3.479662247139935	0.0
1515	3.4792834305629214	0.0
1520	3.4789046139859083	0.0
1525	3.478525797408895	0.0
1530	3.4781469808318812	0.0
1535	3.477685046316718	0.0
1540	3.4771704161152774	0.0
1545	3.4766557859138363	0.0
1550	3.4761411557123956	0.0
1555	3.4756265255109544	0.0
1560	3.4751118953095133	0.0
1565	3.4745972651080725	0.0
1570	3.4740826349066314	0.0
1575	3.4735680047051907	0.0
1580	3.4730533745037495	0.0
1585	3.472538744302309	0.0
1590	3.4720241141008676	0.0
1595	3.4715094838994265	0.0
1600	3.4709963572023317	0.0
1605	3.4706320774354706	0.0
1610	3.4702677976686096	0.0
1615	3.4699035179017486	0.0
1620	3.4695392381348875	0.0
1625	3.469174958368027	0.0
1630	3.468810678601166	0.0
1635	3.468446398834305	0.0
1640	3.468082119067444	0.0
1645	3.4677178393005827	0.0
1650	3.4673535595337217	0.0
1655	3.466989279766861	0.0
1660	3.466625	0.0
1665	3.466260720233139	0.0
1670	3.465896440466278	0.0
1675	3.465532160699417	0.0
1680	3.4651678809325563	0.0
1685	3.4648036011656953	0.0
1690	3.4644393213988343	0.0
1695	3.464075041631973	0.0
1700	3.463770763160427	0.0
1705	3.463482051775575	0.0
1710	3.4631933403907227	0.0
1715	3.4629046290058705	0.0
1720	3.4626159176210183	0.0
1725	3.462327206236166	0.0
1730	3.462038494851314	0.0
1735	3.4617497834664612	0.0
1740	3.461461072081609	0.0
1745	3.461172360696757	0.0
1750	3.4608836493119046	0.0
1755	3.4605949379270524	0.0
1760	3.4603062265422	0.0
1765	3.460017515157348	0.0
1770	3.4597288037724954	0.0
1775	3.459440092387643	0.0
1780	3.459151381002791	0.0
1785	3.4588626696179388	0.0
1790	3.4585739582330866	0.0
1795	3.4582852468482344	0.0
1800	3.4579973008097573	0.0
1805	3.4577723682895134	0.0
1810	3.4575474357692695	0.0
1815	3.4573225032490256	0.0
1820	3.4570975707287817	0.0
1825	3.4568726382085377	0.0
1830	3.456647705688294	0.0
1835	3.45642277316805	0.0
1840	3.456197840647806	0.0
1845	3.4559729081275616	0.0
1850	3.4557479756073177	0.0
1855	3.455523043087074	0.0
1860	3.45529811056683	0.0
1865	3.455073178046586	0.0
1870	3.454848245526342	0.0
1875	3.454623313006098	0.0
1880	3.4543983804858542	0.0
1885	3.4541734479656103	0.0
1890	3.4539485154453664	0.0
1895	3.4537235829251225	0.0
1900	3.4534986504048786	0.0
1905	3.4532737178846347	0.0
1910	3.4530487853643907	0.0
1915	3.452823852844147	0.0
1920	3.452598920323903	0.0
1925	3.452373987803659	0.0
1930	3.452149055283415	0.0
1935	3.451924122763171	0.0
1940	3.4516991902429273	0.0
1945	3.4514742577226833	0.0
1950	3.451249325202439	0.0
1955	3.451024392682195	0.0
1960	3.450799460161951	0.0
1965	3.4505745276417072	0.0
1970	3.4503495951214633	0.0
1975	3.4501246626012194	0.0
1980	3.4498997300809755	0.0
1985	3.4496747975607316	0.0
1990	3.4494498650404877	0.0
1995	3.4492249325202438	0.0
2000	3.449	0.0
2005	3.448931379949221	0.0
2010	3.448862759898442	0.0
2015	3.448794139847663	0.0
2020	3.4487255197968847	0.0
2025	3.448656899746106	0.0
2030	3.448588279695327	0.0
2035	3.448519659644548	0.0
2040	3.448451039593769	0.0
2045	3.44838241954299	0.0
2050	3.4483137994922113	0.0
2055	3.448245179441433	0.0
2060	3.448176559390654	0.0
2065	3.448107939339875	0.0
2070	3.448039319289096	0.0
2075	3.4479706992383172	0.0
2080	3.4479020791875383	0.0
2085	3.4478334591367594	0.0
2090	3.447764839085981	0.0
2095	3.447696219035202	0.0
2100	3.447627598984423	0.0
2105	3.4475589789336443	0.0
2110	3.4474903588828654	0.0
2115	3.4474217388320865	0.0
2120	3.447353118781308	0.0
2125	3.447284498730529	0.0
2130	3.44721587867975	0.0
2135	3.4471472586289713	0.0
2140	3.4470786385781924	0.0
2145	3.4470100185274135	0.0
2150	3.4469413984766346	0.0
2155	3.446872778425856	0.0
2160	3.4468041583750773	0.0
2165	3.4467355383242984	0.0
2170	3.4466669182735195	0.0
2175	3.4465982982227406	0.0
2180	3.4465296781719617	0.0
2185	3.4464610581211828	0.0
2190	3.4463924380704043	0.0
2195	3.4463238180196254	0.0
2200	3.4462551979688465	0.0
2205	3.4461865779180676	0.0
2210	3.4461179578672887	0.0
2215	3.44604933781651	0.0
2220	3.445980717765731	0.0
2225	3.4459120977149524	0.0
2230	3.4458434776641735	0.0
2235	3.4457748576133946	0.0
2240	3.4457062375626157	0.0
2245	3.445637617511837	0.0
2250	3.445568997461058	0.0
2255	3.445500377410279	0.0
2260	3.4454317573595006	0.0
2265	3.4453631373087217	0.0
2270	3.445294517257943	0.0
2275	3.445225897207164	0.0
2280	3.445157277156385	0.0
2285	3.445088657105606	0.0
2290	3.4450200370548276	0.0
2295	3.4449514170040487	0.0
2300	3.44488279695327	0.0
2305	3.444814176902491	0.0
2310	3.444745556851712	0.0
2315	3.444676936800933	0.0
2320	3.444608316750154	0.0
2325	3.4445396966993758	0.0
2330	3.444471076648597	0.0
2335	3.444402456597818	0.0
2340	3.444333836547039	0.0
2345	3.44426521649626	0.0
2350	3.4441965964454813	0.0
2355	3.4441279763947024	0.0
2360	3.444059356343924	0.0
2365	3.443990736293145	0.0
2370	3.443922116242366	0.0
2375	3.443853496191587	0.0
2380	3.4437848761408083	0.0
2385	3.4437162560900294	0.0
2390	3.4436476360392505	0.0
2395	3.443579015988472	0.0
2400	3.443510395937693	0.0
2405	3.4434417758869142	0.0
2410	3.4433731558361353	0.0
2415	3.4433045357853564	0.0
2420	3.4432359157345775	0.0
2425	3.4431672956837986	0.0
2430	3.44309867563302	0.0
2435	3.4430300555822413	0.0
2440	3.442955333015419	0.0
2445	3.442875854395168	0.0
2450	3.4427963757749165	0.0
2455	3.4427168971546656	0.0
2460	3.442637418534414	0.0
2465	3.4425579399141633	0.0
2470	3.442478461293912	0.0
2475	3.442398982673661	0.0
2480	3.4423195040534096	0.0
2485	3.4422400254331587	0.0
2490	3.4421605468129073	0.0
2495	3.4420810681926564	0.0
2500	3.442001589572405	0.0
