280	0.0
285	0.0
290	0.0
295	0.0
300	0.0
305	0.0
310	0.0
315	0.0
320	0.0
325	0.0
330	0.0
335	0.0
340	0.0
345	0.0
350	0.0
355	0.0
360	0.0
365	0.0
370	0.0
375	0.0
380	0.0
385	0.0
390	0.0
395	0.0
400	0.0
405	0.0
410	0.0
415	0.0
420	0.0
425	0.0
430	0.0
435	0.0
440	0.0
445	0.0
450	0.0
455	0.0
460	0.0
465	0.0
470	0.0
475	0.0
480	0.0
485	0.0
490	0.0
495	0.0
500	0.0
505	0.0
510	0.0
515	0.0
520	0.0
525	0.0
530	0.0
535	0.0
540	0.0
545	0.0
550	0.0
555	0.0
560	0.0
565	4.18314549e-315
570	8.9409706e-317
575	6.687008582078824e-280
580	5.158978820246823e-258
585	1.9726516623083622e-280
590	3.882295057518205e-278
595	2.296753737657074e-253
600	8.89508565204601e-234
605	4.348575470325714e-226
610	6.848597361907538e-221
615	5.4745625089276175e-210
620	3.15254073623809e-194
625	1.072047234517948e-192
630	1.4694308079848884e-175
635	1.1842165813717151e-160
640	7.067109974539173e-153
645	2.4008723511773423e-145
650	4.5791752114636954e-138
655	6.718154507782152e-134
660	2.822527995204198e-132
665	1.6988695708701478e-125
670	6.849174843698962e-119
675	1.7946124051583456e-112
680	3.10833388267023e-106
685	3.618577968165158e-104
690	1.6747007822678724e-103
695	1.01778779849029e-102
700	1.5265974513256206e-98
705	5.777715965679448e-93
710	1.444616663643969e-87
715	1.4128887648267411e-84
720	3.8367071356305367e-84
725	8.578335373019697e-80
730	1.808845567565727e-75
735	6.893259337055472e-75
740	1.0072149529364296e-72
745	4.246093340624139e-68
750	3.9894545744744005e-66
755	1.0889981732876148e-65
760	3.5024995500881596e-62
765	2.6474764487533835e-58
770	2.2415664564300036e-57
775	6.679822110726178e-57
780	5.6450146330518105e-53
785	2.4901532408890187e-49
790	4.9385264521846546e-49
795	1.434946918497694e-48
800	5.731121940943107e-45
805	2.0538980155261138e-41
810	3.9512017375441503e-41
815	5.989552809225615e-41
820	4.789678881273577e-38
825	9.153500919866521e-35
830	3.012429232536761e-33
835	1.7074339097119963e-32
840	1.0109262995230898e-31
845	5.389841845438889e-31
850	2.858762155259121e-30
855	1.284004468556725e-29
860	7.636017055794534e-29
865	3.776041003718131e-28
870	1.800290838471712e-27
875	8.607042192400845e-27
880	4.064337913941594e-26
885	1.8863560402486048e-25
890	8.65083017261803e-25
895	3.547094441038539e-24
900	1.0120218825643031e-23
905	6.782389237847976e-23
910	2.4231045053690304e-22
915	9.087845095494463e-22
920	4.448202295217438e-21
925	1.7755849329427393e-20
930	5.46145506153964e-20
935	5.650118622261167e-20
940	6.124966947205021e-19
945	1.6904962050847925e-18
950	1.1096191923325984e-17
955	3.567742833471459e-17
960	1.1616046245339653e-16
965	5.19215172784615e-16
970	2.7933611568019546e-15
975	8.309756418791185e-15
980	3.2287725444669255e-14
985	1.2901637288672809e-13
990	4.476361974406354e-13
995	1.5201452841890996e-12
1000	4.9614005709683295e-12
1005	1.5999692279041886e-11
1010	5.1800141274648994e-11
1015	1.668253620547348e-10
1020	5.069542426666408e-10
1025	1.5979413610120119e-09
1030	4.93705555813147e-09
1035	1.504608322966798e-08
1040	4.5514444759572695e-08
1045	1.353579707955658e-07
1050	3.9747352169862847e-07
1055	1.1493371809780591e-06
1060	3.2095309649102034e-06
1065	9.468111511881643e-06
1070	2.5118848433790044e-05
1075	7.542074509851076e-05
1080	0.000205804488260621
1085	0.0005469691365058005
1090	0.0015071178076730618
1095	0.003829120193882919
1100	0.009734333565644642
1105	0.024009668755276655
1110	0.05624819188328614
1115	0.10750089057379879
1120	0.10502209767430266
1125	0.10072475684967938
1130	0.09799456774222871
1135	0.03856357590801924
1140	0.27537863224884074
1145	0.10433380868426327
1150	0.2010215511373455
1155	0.1308671426357936
1160	0.3090174567007084
1165	0.36805128177385
1170	0.386923812800862
1175	0.30766765535254054
1180	0.4410774716137177
1185	0.38229709023900227
1190	0.3779686717896978
1195	0.42574373119073644
1200	0.3308372098132112
1205	0.3281771375022888
1210	0.37455568090676183
1215	0.39189600902298743
1220	0.4026707896257273
1225	0.4034145931450314
1230	0.4200535040220387
1235	0.42212140064661213
1240	0.4148698948665992
1245	0.4076402396630168
1250	0.41100100582491483
1255	0.3961299799423536
1260	0.3809890628187144
1265	0.3308129574043161
1270	0.21923957386749351
1275	0.36071596401414335
1280	0.37657770816160874
1285	0.37273462718401557
1290	0.3621448609129587
1295	0.35712439878828495
1300	0.3604661590320458
1305	0.26491778601372395
1310	0.3380778354204707
1315	0.25344105855159227
1320	0.23575675838068022
1325	0.23014790908332006
1330	0.15551464853486477
1335	0.1480278362414442
1340	0.15444959027642902
1345	0.0659976913433797
1350	0.014081046138705557
1355	0.0002524808510696212
1360	6.384120100778261e-07
1365	1.1798959167848312e-06
1370	4.480791077842616e-07
1375	0.00015520805733280796
1380	4.5138097512205423e-05
1385	5.332216124763609e-07
1390	0.0005016409827396113
1395	6.514248731607762e-05
1400	0.0006998463538336273
1405	0.0006359355521323913
1410	0.000532293001183003
1415	0.00031237751153464214
1420	0.0018391768416207031
1425	0.014544139339888074
1430	0.03253969880237707
1435	0.017920909260305744
1440	0.04358714260969001
1445	0.05271243923326225
1450	0.08703134486535867
1455	0.11712415915221427
1460	0.1386671208759923
1465	0.1289817713666099
1470	0.0804825069287083
1475	0.0825129205400368
1480	0.10162539975040538
1485	0.1162908690524774
1490	0.16033499284908054
1495	0.17193993841195607
1500	0.18350501552967574
1505	0.13504454877705677
1510	0.1573054257310568
1515	0.18978011869424427
1520	0.20526543506467637
1525	0.23109211875450789
1530	0.22839147036685795
1535	0.2252144485473043
1540	0.22836669719477043
1545	0.22744443017479446
1550	0.22833745223398003
1555	0.22088655808030264
1560	0.22347029696743795
1565	0.218738308843854
1570	0.21178603056043088
1575	0.20073205955491008
1580	0.19662622330971283
1585	0.2066785491826976
1590	0.19264335075826886
1595	0.2122857797893796
1600	0.20033331949629626
1605	0.1889132548207459
1610	0.18780096750913114
1615	0.19681453597870685
1620	0.19881024070480874
1625	0.20003701838115698
1630	0.19878391049071328
1635	0.19158440531561777
1640	0.18110067800905338
1645	0.18365639273908851
1650	0.17950235764764516
1655	0.17702914607734155
1660	0.18128944815244902
1665	0.18096615442835895
1670	0.17606188029924325
1675	0.17640722967200995
1680	0.17404858921173438
1685	0.16161962947468791
1690	0.1690096681029308
1695	0.16691732086307792
1700	0.16739396794136033
1705	0.16600662422775403
1710	0.16085650430164422
1715	0.15270777539947886
1720	0.15401663872473656
1725	0.15173739150531626
1730	0.14441004798191778
1735	0.14105653263852513
1740	0.13080930979427918
1745	0.13608940936223732
1750	0.12518220245203757
1755	0.1338614083073687
1760	0.12355362176613321
1765	0.12909257552004566
1770	0.10711901582897475
1775	0.11420183304826799
1780	0.09247860354197958
1785	0.080876525306927
1790	0.06190850832371032
1795	0.0714497134144313
1800	0.0376923634513262
1805	0.02554565439620611
1810	0.011882981056793158
1815	0.007768073321906243
1820	0.0026287298322061987
1825	0.0007905717130795949
1830	0.0010195574535587755
1835	4.160804924003458e-06
1840	5.1289282335916825e-06
1845	5.006994132629423e-08
1850	5.000305330090767e-06
1855	2.392065664894259e-06
1860	2.263316900269282e-07
1865	8.882572845697365e-06
1870	1.3519237752842882e-05
1875	2.1212660670306006e-10
1880	3.5884751137546465e-10
1885	6.15911365444101e-05
1890	3.485778322275727e-05
1895	0.00017726732476981596
1900	0.0001027069661702828
1905	6.835882884196737e-07
1910	4.4901855173372664e-07
1915	1.8250091708709857e-05
1920	1.5787805226816482e-05
1925	0.0003565153666005724
1930	0.0007401248408930991
1935	0.00043650551645733887
1940	0.002837922141871801
1945	0.0025905902828565444
1950	0.00856963609632707
1955	0.013188576829536364
1960	0.00790877651765777
1965	0.01725369651704665
1970	0.022485101262178703
1975	0.03843271033071503
1980	0.053362084426563164
1985	0.05935135377284336
1990	0.06525297536410761
1995	0.0672220903475507
2000	0.06371707356320393
2005	0.029928997226314053
2010	0.01176052969352803
2015	0.031145895080922498
2020	0.020870357303716582
2025	0.03521073955794268
2030	0.05790545116477834
2035	0.06635841032689511
2040	0.07533782749834274
2045	0.07014078756240628
2050	0.07111627543784858
2055	0.05301597965568887
2060	0.04283267931881834
2065	0.053952132101621315
2070	0.04822312529508617
2075	0.051161332528285974
2080	0.060299472037186025
2085	0.06756295652308593
2090	0.06620144219812431
2095	0.06927961022233974
2100	0.06975076142695943
2105	0.06691155648384065
2110	0.07233206620333754
2115	0.06958387922831137
2120	0.07111916053169051
2125	0.06791991670607761
2130	0.06869919127202985
2135	0.06955388797202457
2140	0.06973270908189112
2145	0.07026221245473063
2150	0.06924060573021618
2155	0.06546222270023638
2160	0.06558981096088123
2165	0.06504437336956374
2170	0.05894563021903723
2175	0.06331137697352378
2180	0.06209038465836761
2185	0.06311403140640752
2190	0.057490847460716664
2195	0.060950193641305765
2200	0.06086698429048559
2205	0.05484238733621431
2210	0.05698243584348003
2215	0.061042656288655454
2220	0.05867830131684893
2225	0.05977556655170107
2230	0.058001893314091266
2235	0.05822531036693085
2240	0.057070669936400614
2245	0.0561420136839313
2250	0.054370662740697684
2255	0.055193294634368714
2260	0.05191512368608619
2265	0.051312282619299834
2270	0.05221900597413819
2275	0.04969457176963796
2280	0.049028441725209475
2285	0.05074602134715113
2290	0.04827265751454152
2295	0.04836220507028488
2300	0.04684986455949659
2305	0.044967178592310204
2310	0.04521640889480912
2315	0.04879003176917271
2320	0.04439812160683036
2325	0.03971852187732896
2330	0.04289746219530725
2335	0.04334727274203768
2340	0.044204072974792154
2345	0.03494141332410384
2350	0.039169687532355855
2355	0.031642128798213424
2360	0.036152755378465476
2365	0.038244958149274935
2370	0.037602191092560536
2375	0.023445250176094428
2380	0.03357561327510822
2385	0.03235204923727502
2390	0.02342921386918911
2395	0.0281955462820165
2400	0.030833626480820123
2405	0.033523993296845155
2410	0.02550436561501677
2415	0.025658764305398072
2420	0.020709912570105356
2425	0.020165052296045476
2430	0.025077629708188574
2435	0.034180714912682
2440	0.011272670952800703
2445	0.03275875469050622
2450	0.01574860284342394
2455	0.010303400329845667
2460	0.018807913461506176
2465	0.025240558008424674
2470	0.018263659042687886
2475	0.012647310604661873
2480	0.012438015877094297
2485	0.006075151492427677
2490	0.004238205834855084
2495	0.002651844383354309
2500	0.0021723368672713975
