280	3.2711464505496356e-23
285	5.557157431061174e-15
290	4.171980285678463e-09
295	8.512296925947574e-06
300	0.0007065097582389982
305	0.012324294113022468
310	0.041236865779401624
315	0.11471021314169487
320	0.1799803915148687
325	0.24984676922673002
330	0.43154183196988977
335	0.43311705259092786
340	0.47411872909656705
345	0.4381511159381657
350	0.5082552493377283
355	0.5905701034901002
360	0.5787774306283016
365	0.603575745375438
370	0.7295993452478123
375	0.5680405884000824
380	0.6738515916968535
385	0.6463515616396907
390	0.7637380387165519
395	0.7734670323770066
400	1.0670619647822184
405	1.103667439477017
410	1.007119524152939
415	1.1804050705390547
420	1.0849483470970362
425	1.2104247178495107
430	0.8508158894089224
435	1.2157168307808015
440	1.322579555608626
445	1.4369445632160565
450	1.5372072672107635
455	1.5151008208195251
460	1.5233544867295352
465	1.5403901118307335
470	1.5551127708971282
475	1.5542603852867865
480	1.5780572679703266
485	1.5588702976797866
490	1.4369588860328708
495	1.5344783129975734
500	1.5303760328046032
505	1.437256012817276
510	1.5633415346804798
515	1.4617936802591003
520	1.3685227746519524
525	1.5572920850934304
530	1.5715419015596708
535	1.4947231915899555
540	1.4983004017187862
545	1.5402602924446158
550	1.5130559799137937
555	1.5155593438175818
560	1.411654027685266
565	1.4727003153171794
570	1.4441475504017747
575	1.4754459340977468
580	1.4424460585374312
585	1.509980004679951
590	1.261574167042436
595	1.4193363271879327
600	1.4322048923917419
605	1.4647831599485976
610	1.4495868045565976
615	1.3948800700862636
620	1.4513171999651344
625	1.3922455360787196
630	1.3932691105360266
635	1.41137286969544
640	1.4483586318164676
645	1.4312189089573955
650	1.33873249495984
655	1.4022172546884626
660	1.378170675300987
665	1.3846949550099124
670	1.4272415044518512
675	1.3955323145087069
680	1.382791192293757
685	1.361844905740396
690	1.1175102037167077
695	1.2344428447393208
700	1.2786608793838694
705	1.2935886614415457
710	1.2942296213095001
715	1.2865591151477878
720	0.9107164781916466
725	1.0401678249059567
730	1.0302558434594073
735	1.21498972659705
740	1.1691325185952857
745	1.2263274508125408
750	1.210457554584475
755	1.215044088521407
760	1.1670341203210628
765	0.5256926652001531
770	1.0989415437942411
775	1.145459265883837
780	1.1433687566065749
785	1.1196555646419963
790	1.0911779837302773
795	1.062217460995232
800	1.0544374970977137
805	1.0413016478944337
810	1.0175258370183304
815	0.8706584269687888
820	0.8712938002214319
825	0.8991207727583624
830	0.8927064214935336
835	0.8965010332428959
840	0.9601289805627996
845	0.9449707141017967
850	0.9439009552886716
855	0.8142330504017031
860	0.9480929359624838
865	0.9355160223763136
870	0.9067223713198976
875	0.8975341745909903
880	0.8934383848373255
885	0.8897257135117643
890	0.8908492050842707
895	0.8112414358102118
900	0.5227539446245308
905	0.8044473973119214
910	0.6707388533914348
915	0.5965638977534621
920	0.7034252286960239
925	0.6869562414123617
930	0.5248783514959027
935	0.13692147750796121
940	0.37982568393404986
945	0.27217597704201857
950	0.4704993431965783
955	0.40403982117413284
960	0.35623774376888917
965	0.43709974481470587
970	0.654222642572832
975	0.5486312390054482
980	0.608770085676591
985	0.7036115096003502
990	0.7150703697467188
995	0.7201594424089587
1000	0.7056057587530895
1005	0.69135721521102
1010	0.6881749328309982
1015	0.6893929032691173
1020	0.6591721278386234
1025	0.6612010272740111
1030	0.657389340632552
1035	0.651824907199347
1040	0.6485060318341673
1045	0.6411157524178923
1050	0.6324343966653677
1055	0.6207429293536691
1060	0.5944258699418166
1065	0.6073971644541785
1070	0.5637349869928343
1075	0.597972762760654
1080	0.5820384749177435
1085	0.5570562694135102
1090	0.557952205934222
1095	0.5200933112762368
1100	0.4895352051033698
1105	0.45109535790634375
1110	0.39833712738666244
1115	0.2894788922252996
1120	0.1093004154319693
1125	0.10502528651896108
1130	0.10236932721532394
1135	0.04035995698153095
1140	0.28873665988257313
1145	0.10959488459004815
1150	0.21154170948888049
1155	0.13796321564904415
1160	0.3263549845944671
1165	0.389388322080443
1170	0.41006970181689045
1175	0.3266378639324025
1180	0.46907423188875214
1185	0.4072532095171851
1190	0.4033184866152849
1195	0.4550489311184831
1200	0.3541901091876567
1205	0.35191188967011505
1210	0.40229136466654564
1215	0.4215853785005027
1220	0.4338535359013951
1225	0.43532940923088614
1230	0.4539750980063692
1235	0.4568998205853024
1240	0.44972103925222146
1245	0.4425304467130708
1250	0.4468268095626069
1255	0.43127635457356894
1260	0.4153736823986696
1265	0.3611712034824276
1270	0.2396848471996262
1275	0.3948878777231886
1280	0.4128014361206879
1285	0.4091205686802334
1290	0.39801087416132575
1295	0.39298858717688895
1300	0.397163147030274
1305	0.292247690727694
1310	0.37340431049746925
1315	0.2802582937301848
1320	0.2610067399083949
1325	0.2550921853572269
1330	0.1725663220187793
1335	0.16444093911311453
1340	0.1717639499042797
1345	0.07347510418198608
1350	0.01569313029784116
1355	0.00028168174702518167
1360	7.129756450626249e-07
1365	1.3190403721101627e-06
1370	5.014155779383099e-07
1375	0.00017384597021844958
1380	5.06035776362468e-05
1385	5.983024481292441e-07
1390	0.0005633495105248708
1395	7.321649397020447e-05
1400	0.0007872349277505548
1405	0.0007159788508164339
1410	0.0005998085047318374
1415	0.0003523016813973215
1420	0.0020759700140856453
1425	0.01643034972113021
1430	0.03678980817735004
1435	0.020277747257931685
1440	0.04935852280578325
1445	0.05973868319641212
1450	0.09870696998300432
1455	0.13293732774035144
1460	0.1575047445275576
1465	0.14661110291526944
1470	0.09154910210745201
1475	0.09392470655991475
1480	0.11576182529594148
1485	0.13255786792781685
1490	0.1828878818185788
1495	0.19625717774224274
1500	0.2095955855254353
1505	0.15434623604885722
1510	0.1799039738463184
1515	0.21718296225048084
1520	0.23505254836441788
1525	0.2647910663474559
1530	0.26185791599624275
1535	0.2583237434928913
1540	0.26204004312892
1545	0.2610710048621522
1550	0.26218217442626723
1555	0.2537098718723472
1560	0.25675968431240503
1565	0.25140022382063737
1570	0.2434843434341803
1575	0.23084506733297014
1580	0.2261886049755059
1585	0.23782043646437143
1590	0.22173265613254986
1595	0.24440731851042777
1600	0.230708269301712
1605	0.21761535951733396
1610	0.21639272545082452
1615	0.22683799015347533
1620	0.22919634134251549
1625	0.2306687210898896
1630	0.22928025829489235
1635	0.22102932890594776
1640	0.20898388251688205
1645	0.21198245026589455
1650	0.2072347316074941
1655	0.20442519996095432
1660	0.20939080145409433
1665	0.2090623747706151
1670	0.20343965340980585
1675	0.2038809903939467
1680	0.20119617042017063
1685	0.1868666376304272
1690	0.19544957318135836
1695	0.19306728460098596
1700	0.19365614999794234
1705	0.192088221127899
1710	0.18616423204130458
1715	0.17676626279992333
1720	0.1783143362684326
1725	0.17570708649692426
1730	0.16725185822609523
1735	0.16339690827139033
1740	0.1515527305574948
1745	0.15769678850320462
1750	0.1450825120391301
1755	0.1551674892354077
1760	0.14324220379151217
1765	0.14968835932442306
1770	0.12422860430399887
1775	0.1324632522940854
1780	0.10728335373713217
1785	0.0938380842104503
1790	0.07184088926671575
1795	0.08292510220854662
1800	0.043752635791964006
1805	0.029657360503094737
1810	0.01379764760134367
1815	0.009021113220512274
1820	0.0030532015750135916
1825	0.0009183593270215376
1830	0.0011845325985554687
1835	4.8347439468895816e-06
1840	5.960501113627488e-06
1845	5.81963202758164e-08
1850	5.812650363361894e-06
1855	2.7810514846836108e-06
1860	2.6317160058112286e-07
1865	1.0329832630380176e-05
1870	1.5724023945938586e-05
1875	2.467540399207172e-10
1880	4.174828962809028e-10
1885	7.166423038733936e-05
1890	4.056383191468867e-05
1895	0.0002063111641268538
1900	0.0001195506459211477
1905	7.957937301176954e-07
1910	5.227860108886381e-07
1915	2.125111852727066e-05
1920	1.8386185982026322e-05
1925	0.00041524268954883407
1930	0.0008621460540686127
1935	0.0005085363933841634
1940	0.003306620292560843
1945	0.0030187964855693857
1950	0.00998741884248404
1955	0.015372326009433685
1960	0.009219376289477858
1965	0.020115226212002384
1970	0.026217568316548565
1975	0.04479369488991198
1980	0.062167947962827506
1985	0.06911673394941252
1990	0.07595872769179274
1995	0.07821861336101536
2000	0.07410981063666426
2005	0.0347969511313453
2010	0.013668203052920635
2015	0.0361839985751381
2020	0.024236971487049726
2025	0.0408749912505665
2030	0.0671957258896159
2035	0.07697565834486207
2040	0.08735882139435586
2045	0.08130205618507386
2050	0.08240314673766773
2055	0.061407409657493195
2060	0.049594030028513106
2065	0.06244609530587488
2070	0.05579485316855042
2075	0.05917382279018527
2080	0.06971808514393901
2085	0.07808823807369539
2090	0.07648749312179436
2095	0.08001686109699899
2100	0.08053283573457885
2105	0.07722786890742617
2110	0.08345549087480628
2115	0.08025710491121273
2120	0.08200107086315604
2125	0.07828575712256321
2130	0.07915728311442072
2135	0.08011525059066361
2140	0.08029449668646199
2145	0.08087867472768648
2150	0.07967672177339725
2155	0.07530425405141132
2160	0.07542656243511826
2165	0.07477521673557234
2170	0.06774344881495611
2175	0.07273765150957445
2180	0.0713123274246557
2185	0.0724652617830572
2190	0.06598852735005888
2195	0.06993751485903474
2200	0.06982165672837998
2205	0.0628914771506479
2210	0.06532576251237777
2215	0.06995935537160958
2220	0.06722945335677424
2225	0.06846641401045996
2230	0.0664162971535008
2235	0.06665251655599128
2240	0.06531167249278921
2245	0.06423026902988077
2250	0.06218578926488533
2255	0.06310964933256544
2260	0.05934356540182579
2265	0.058638882400452834
2270	0.059658313911514486
2275	0.056758402120747044
2280	0.05598206736582771
2285	0.05792729719847335
2290	0.05508884057722238
2295	0.05517727857682611
2300	0.05343727653670416
2305	0.05127600969463896
2310	0.051546646346930514
2315	0.0556057326110778
2320	0.050587161136423905
2325	0.04524331710192082
2330	0.048809399590524674
2335	0.04926665128212847
2340	0.050183992473134015
2345	0.039624133419128654
2350	0.04436985894925149
2355	0.03580342899853403
2360	0.040862486509782844
2365	0.043180599497645925
2370	0.0424079746578681
2375	0.026413094536869356
2380	0.037785796716440445
2385	0.036369802020338245
2390	0.026310702222164438
2395	0.031629629696967546
2400	0.03455248376740847
2405	0.03752784773961032
2410	0.028520541424941308
2415	0.028663171464834356
2420	0.023110932638844776
2425	0.022480109447481668
2430	0.02792797016875781
2435	0.03802610202378843
2440	0.012528268337642848
2445	0.03637065188037958
2450	0.01746738524105796
2455	0.011416433147705407
2460	0.020818817296599217
2465	0.027911275202049203
2470	0.02017613772105917
2475	0.013957894267000445
2480	0.013713471068982313
2485	0.006691583026315878
2490	0.004663682238435459
2495	0.0029152943413572234
2500	0.002385847862330474
