280	2.2173246971938704e-24
285	3.9685663425461506e-16
290	3.2916315860132035e-10
295	7.460298377914061e-07
300	6.721786230864165e-05
305	0.0011400174552682685
310	0.0035701875661972274
315	0.009293867357910985
320	0.013126947441688266
325	0.016149566543960346
330	0.023994037557467294
335	0.020345277060681195
340	0.018841152936286406
345	0.01494817522339555
350	0.015469034861608805
355	0.01698510590782527
360	0.016670887553290364
365	0.018235392352602162
370	0.023771009641644542
375	0.020112716036712705
380	0.02576202107139611
385	0.026288755968254415
390	0.032406724500329026
395	0.03351569296812884
400	0.046180615018094735
405	0.046656988663330276
410	0.04067276600807985
415	0.04456543278867347
420	0.037489252213062325
425	0.03748557993436633
430	0.02315186789087905
435	0.028513684864810422
440	0.02628094459165507
445	0.023856978414773744
450	0.021149936882054552
455	0.017304001819233097
460	0.014675041561139624
465	0.012948294822607485
470	0.012036089882833629
475	0.011809207195027796
480	0.012516585762290868
485	0.013535458535129368
490	0.014042129226528954
495	0.0170800068517808
500	0.019402704378013443
505	0.02061275786481886
510	0.025090546951868405
515	0.025927961660805035
520	0.026479032744018114
525	0.032447463171240566
530	0.034824397966998356
535	0.03481039886668317
540	0.03626254678531087
545	0.03831605070184461
550	0.0383185846781662
555	0.03869095961899576
560	0.03601957034284059
565	0.037224419423359335
570	0.03586926618343773
575	0.035735015853547734
580	0.033830739152884495
585	0.03404279474509724
590	0.027159975362279962
595	0.028996251659983124
600	0.027602603307506433
605	0.026488046907856184
610	0.024475224296745934
615	0.021896784433831206
620	0.021109123531341173
625	0.018716360539330873
630	0.017292154561231034
635	0.016177509751853583
640	0.015369467196965463
645	0.014119520682670549
650	0.012361595734364994
655	0.012238630760151114
660	0.011499671410557431
665	0.011208104219336117
670	0.011374269014173403
675	0.011136743162130229
680	0.011219523367949003
685	0.011410201838203345
690	0.009788061960820433
695	0.011432834181220678
700	0.012626536484809745
705	0.013695479951345759
710	0.014756937343947608
715	0.0158331063721108
720	0.012105909459983731
725	0.014925790785088905
730	0.015943657058552815
735	0.020240322477657113
740	0.02091748968691528
745	0.023502842819085594
750	0.024781056811393462
755	0.02649499263682306
760	0.027025275428169883
765	0.012889798423088888
770	0.028447441947592488
775	0.03121430589894492
780	0.03270754850714593
785	0.033531417943529235
790	0.03412132238402485
795	0.034594244776933215
800	0.03567876624484023
805	0.03652106714614454
810	0.03690710539180031
815	0.03258885888147499
820	0.03358460494478927
825	0.03561905454024512
830	0.036277037392900405
835	0.03730241711476918
840	0.040833417942139336
845	0.041008390379154214
850	0.0417298820659463
855	0.036604175455081045
860	0.04328913442858033
865	0.04332169787345662
870	0.042526513401660346
875	0.04257908131352038
880	0.04281747003310895
885	0.0430225859272401
890	0.043399882289479046
895	0.03978559417122199
900	0.02578082758845549
905	0.039853971631929094
910	0.03334800689130653
915	0.029728387519579916
920	0.03511250387182696
925	0.03431776334467103
930	0.026219604272430724
935	0.006833805197767729
940	0.01892071509593142
945	0.013525769455874448
950	0.02330863822811456
955	0.019940093582318207
960	0.01749796296313098
965	0.02136050620906371
970	0.03178892094159856
975	0.026484565562478156
980	0.029187282625377783
985	0.03348660146078326
990	0.0337648854240338
995	0.03371496874464475
1000	0.032743944115438475
1005	0.03178764704756367
1010	0.03133162027039714
1015	0.03107396696145902
1020	0.02940474324049234
1025	0.029175872092665336
1030	0.028689381022213693
1035	0.028126149946942635
1040	0.027656660784353863
1045	0.02701979822401479
1050	0.026334382574165677
1055	0.02552996388466997
1060	0.024145505114334206
1065	0.02436434372846137
1070	0.022326106635762136
1075	0.023380813309220642
1080	0.022466254374423282
1085	0.021224447403865584
1090	0.020984121906957115
1095	0.01930729404595062
1100	0.01793798318934311
1105	0.016316193904311545
1110	0.014222671315508308
1115	0.010204139823410048
1120	0.0038039429946069175
1125	0.0036091647460619906
1130	0.0034743897893932695
1135	0.001352976102423675
1140	0.00956307687281196
1145	0.0035866091919972806
1150	0.006841986489607426
1155	0.0044117604185194385
1160	0.01031934621657002
1165	0.01217807201851942
1170	0.012691102411608174
1175	0.010004896797927106
1180	0.014227582113796428
1185	0.012233751817428298
1190	0.01200348861538744
1195	0.013426337450183094
1200	0.010361963235730184
1205	0.010215124932484781
1210	0.01158835402180204
1215	0.012056625728465989
1220	0.012327338499160172
1225	0.01229127229855377
1230	0.0127469474608956
1235	0.012760133477719487
1240	0.012498080799672021
1245	0.01224815397396461
1250	0.012318381215754131
1255	0.011848616624711117
1260	0.011382095595758614
1265	0.009872324021192543
1270	0.006541056556452094
1275	0.01076037277055845
1280	0.011236980402466963
1285	0.011135097309817267
1290	0.010831924259028049
1295	0.010703737178277292
1300	0.010826657842926987
1305	0.00797704521378063
1310	0.010214197145089447
1315	0.0076829643764657635
1320	0.0071767466684377655
1325	0.007035265895998961
1330	0.004775520709774397
1335	0.004569831760295895
1340	0.004793309637837724
1345	0.002060575033932272
1350	0.00044226324262458197
1355	7.979948437882528e-06
1360	2.0318740170159434e-08
1365	3.7811657463425756e-08
1370	1.4467931852792006e-08
1375	5.048598262778055e-06
1380	1.4794597047322417e-06
1385	1.7620985237284492e-08
1390	1.6711678288921818e-05
1395	2.1889673604469898e-06
1400	2.3717092391871362e-05
1405	2.174072335602311e-05
1410	1.8366828828119764e-05
1415	1.0877121271722703e-05
1420	6.465661331844479e-05
1425	0.0005161269120954199
1430	0.001165786526701986
1435	0.0006484614810821752
1440	0.0015926456274923126
1445	0.0019451592649148153
1450	0.0032445780422589747
1455	0.004410458977123815
1460	0.005276072151789771
1465	0.004957673585679029
1470	0.003125278333311821
1475	0.0032379564322395755
1480	0.004029260789915543
1485	0.0046596593965622475
1490	0.006491339647925576
1495	0.007033777432674696
1500	0.0075868245701599234
1505	0.005641591239351116
1510	0.0066414596749280064
1515	0.008096171692459802
1520	0.0088480940868362
1525	0.010066812987210128
1530	0.010052514806171323
1535	0.01001564690389695
1540	0.010262318347583729
1545	0.010325679189416029
1550	0.010473538701191963
1555	0.010234804005886338
1560	0.010459354834509525
1565	0.01034224006251618
1570	0.010113857956717298
1575	0.00968151182702067
1580	0.009578404461715042
1585	0.010167218178966922
1590	0.009569512974127305
1595	0.010648628369921025
1600	0.01014606730787591
1605	0.009660165556944518
1610	0.00969476987980011
1615	0.010256116789485403
1620	0.01045786776616233
1625	0.010620311494788792
1630	0.01065121294751753
1635	0.010359850050658653
1640	0.009881843300214367
1645	0.01011151052368743
1650	0.009971239085540042
1655	0.009920818626001858
1660	0.010248625127555694
1665	0.010319316889095514
1670	0.010126041468943971
1675	0.010232403948602566
1680	0.01018081797857781
1685	0.00953288893317425
1690	0.010051222726312885
1695	0.010008178285456226
1700	0.010118295081457057
1705	0.01011491876221238
1710	0.009879154957028157
1715	0.009452622226311203
1720	0.009607688744185222
1725	0.009538585730079692
1730	0.009147343408251074
1735	0.0090020780066575
1740	0.008410565066776463
1745	0.008814836545916522
1750	0.008167284164648377
1755	0.008796850381167915
1760	0.00817766362833023
1765	0.008604292851836007
1770	0.007189775400122325
1775	0.007718342743833792
1780	0.0062925882953712405
1785	0.005540473795546119
1790	0.004269521161678658
1795	0.004960231753041273
1800	0.0026336504453291477
1805	0.0017965225819236118
1810	0.0008410482371249632
1815	0.0005532457019630118
1820	0.00018839435802707453
1825	5.7009891041306795e-05
1830	7.396614359440753e-05
1835	3.0368582982877796e-07
1840	3.765912735085605e-07
1845	3.6977711828590464e-09
1850	3.7144672488052075e-07
1855	1.7872332311573293e-07
1860	1.700721002470605e-08
1865	6.711603309760602e-07
1870	1.0272170399603515e-06
1875	1.6206939956742935e-11
1880	2.7563132252981744e-11
1885	4.756371245739108e-06
1890	2.7062576628158674e-06
1895	1.3835127256425746e-05
1900	8.056666830357229e-06
1905	5.3899128945257826e-08
1910	3.55841896143587e-08
1915	1.4533752329106177e-06
1920	1.2635377615129135e-06
1925	2.8673098256956833e-05
1930	5.981428444657702e-05
1935	3.5440976416404015e-05
1940	0.00023151019656572866
1945	0.0002123234203665926
1950	0.0007055084124301411
1955	0.0010907343400328872
1960	0.0006570345891343194
1965	0.001439778497518751
1970	0.0018843106961934986
1975	0.0032348078130666038
1980	0.004510723380338361
1985	0.005038343192546958
1990	0.005561721372237285
1995	0.005753342457321374
2000	0.005475728391510326
2005	0.002582505245697686
2010	0.0010186990308050428
2015	0.0027085723129386683
2020	0.0018220909971692523
2025	0.003085999589985686
2030	0.005093608878161969
2035	0.005859239479773078
2040	0.006676945099796051
2045	0.006239291745233876
2050	0.006348020739647279
2055	0.004749383318296985
2060	0.0038507729303442384
2065	0.0048675030111567895
2070	0.004365742158894392
2075	0.004646792377102649
2080	0.00549532506004483
2085	0.006177873839207486
2090	0.006073383274245611
2095	0.006375354850112945
2100	0.006439403043935575
2105	0.006196955734882719
2110	0.00672005976802881
2115	0.00648481994752826
2120	0.006646987354576293
2125	0.006367209579926719
2130	0.006459534500728671
2135	0.006559225528853408
2140	0.006595282819656482
2145	0.0066632439808324015
2150	0.006585069420460772
2155	0.006243227286846932
2160	0.006272759435090047
2165	0.006237647030163121
2170	0.0056669868388990845
2175	0.0061029722516995535
2180	0.00600106826439035
2185	0.0061159008353134595
2190	0.005585352101426871
2195	0.005936479343426484
2200	0.005942069976866138
2205	0.00536718342045437
2210	0.0055902563415102125
2215	0.006003041448013276
2220	0.005784279820858842
2225	0.005906326880737644
2230	0.0057432313156205545
2235	0.00577857302281849
2240	0.005676801581928461
2245	0.005596907087240629
2250	0.005432274220237715
2255	0.005525347871597808
2260	0.005209418763205361
2265	0.005158796223080042
2270	0.00526094705573405
2275	0.005016961821595592
2280	0.004959807143562568
2285	0.005143894065157298
2290	0.004902900451754772
2295	0.00492062316890088
2300	0.004775970034683027
2305	0.0045927956200489325
2310	0.004626950666905079
2315	0.005001915627023308
2320	0.004560008246483813
2325	0.004086761528677626
2330	0.004421746024241328
2335	0.00447504658370821
2340	0.0045714297958429784
2345	0.0036197129841838015
2350	0.00406459766825103
2355	0.003288948398680641
2360	0.0037639862952069283
2365	0.003987435631077189
2370	0.003927523675130946
2375	0.0024527072835332123
2380	0.0035172143602010806
2385	0.003394243908702752
2390	0.002461825499631579
2395	0.002967071744159884
2400	0.00324945944604438
2405	0.0035381180599623266
2410	0.0026955801609168614
2415	0.0027157258514972377
2420	0.0021949938685727646
2425	0.002139721278988344
2430	0.0026645936156334763
2435	0.003637445248244025
2440	0.0012009342734066474
2445	0.0034944673722791947
2450	0.0016820904410959538
2455	0.0011018775774088662
2460	0.0020138654204677527
2465	0.0027059382507117606
2470	0.0019603248185973135
2475	0.001359101874486645
2480	0.0013381721816150393
2485	0.0006543595612584879
2490	0.0004570169185487573
2495	0.00028621248307091204
2500	0.00023471661247090472
