280	3.2358801571577276e-24
285	5.12612139074424e-16
290	3.6666437064314883e-10
295	7.274742130537185e-07
300	5.948953369679583e-05
305	0.0009533192767097717
310	0.0029337368014531948
315	0.007763309217232853
320	0.011479180891924843
325	0.015176934094228545
330	0.024809864649618204
335	0.023596061541341348
340	0.02477225130767214
345	0.022190860419312654
350	0.025328149762512096
355	0.02947829277747753
360	0.02931288080644303
365	0.03129427539644824
370	0.038929116696237574
375	0.03116793559628655
380	0.03781114674892037
385	0.03675823472148493
390	0.043511907561844344
395	0.043563310943371666
400	0.05854988247710549
405	0.0580931550831897
410	0.05003117957502751
415	0.05443166034197687
420	0.04565686708404953
425	0.04567113127649284
430	0.02828517509219743
435	0.034961168311776786
440	0.03230271838670567
445	0.02927070375573386
450	0.025670019535239605
455	0.020441448892519268
460	0.016458942198569502
465	0.013344931746189084
470	0.011017771289938468
475	0.009411796651948157
480	0.008755506297967583
485	0.008616434140857913
490	0.008524721287314992
495	0.010301238478054444
500	0.011937876118636392
505	0.01312790622857054
510	0.01664414970914666
515	0.017945416961924383
520	0.019112051526804064
525	0.024389198073418144
530	0.027214462731957732
535	0.028239072820293407
540	0.03049669090431369
545	0.03337111305801259
550	0.034537593217871566
555	0.03607357888104082
560	0.03473391968207917
565	0.0371292297080044
570	0.037019098914384575
575	0.0381806633779842
580	0.03744615263467369
585	0.039070101522742866
590	0.032351496088265326
595	0.03588442930353026
600	0.03552836945374759
605	0.03549576060555403
610	0.03417702524668619
615	0.03188141604819503
620	0.03205310358906306
625	0.029626950341928703
630	0.02850119021940507
635	0.02770019618832861
640	0.027236325466774878
645	0.02576115373437722
650	0.023054888656482586
655	0.023115013021447674
660	0.021758512707355206
665	0.020974982076857128
670	0.02077845418631185
675	0.019588963605692657
680	0.01876896454814452
685	0.017954255877696678
690	0.014366412723052432
695	0.015559597330883003
700	0.01588462003648331
705	0.015914969994901048
710	0.015864588320573435
715	0.015797149572112163
720	0.01125889510444067
725	0.013003735696753884
730	0.013089039628042498
735	0.015749061049460642
740	0.01551562816147604
745	0.016711537038320404
750	0.0169756985526297
755	0.017575350443164554
760	0.01743719869118596
765	0.00812215382613294
770	0.017569570909286365
775	0.01895701953224315
780	0.019588965672003585
785	0.019854900529170914
790	0.02002024409855698
795	0.02015275491992713
800	0.020672056428965892
805	0.02107782558514707
810	0.021246435522944744
815	0.018735025491346466
820	0.019301394778243733
825	0.020483084236356214
830	0.020891250042601776
835	0.021528039446508728
840	0.023631913147107542
845	0.023813459622810392
850	0.024327018649548976
855	0.021430465222393957
860	0.025465847153474778
865	0.025617188003298264
870	0.025286409441341112
875	0.025466420847196736
880	0.02576734557402638
885	0.026058331091970116
890	0.02646174527612815
895	0.02442791404151997
900	0.01594389986413732
905	0.024831844151333413
910	0.020938525281408653
915	0.018812624788889745
920	0.022401194338297046
925	0.02207763768158988
930	0.017012796030049255
935	0.004473205778735578
940	0.01249586332541661
945	0.009015285713503986
950	0.015682411885629417
955	0.013545378734017567
960	0.012003103136860632
965	0.014800187408541643
970	0.02225209475818169
975	0.01873307380273597
980	0.020865636755744
985	0.02420030553120529
990	0.02467270633469569
995	0.02491536685686183
1000	0.02447703938232309
1005	0.024041338236923046
1010	0.023980182191164694
1015	0.024072262188665157
1020	0.02306081718428261
1025	0.023169614120494852
1030	0.023074081455823202
1035	0.0229141567452687
1040	0.022828897723702883
1045	0.022600465809631223
1050	0.02232460501514573
1055	0.02193990556664032
1060	0.02103727360489586
1065	0.021524960148584987
1070	0.020004474034560224
1075	0.02124856332907735
1080	0.020711434750514426
1085	0.01985211898741884
1090	0.019914283927082395
1095	0.01859249143819036
1100	0.017530677909709375
1105	0.016182559980362568
1110	0.014316412944121238
1115	0.010425621741738495
1120	0.003944640513153665
1125	0.003798653438460904
1130	0.003711730732718521
1135	0.0014669620943617925
1140	0.010523639075338521
1145	0.0040052973737255545
1150	0.0077531893550371895
1155	0.005072700872855093
1160	0.012037396815911894
1165	0.014409670366724376
1170	0.015230814645650076
1175	0.012175610350211754
1180	0.017554860596528932
1185	0.015300626611853321
1190	0.015214051652172586
1195	0.017242017907211835
1200	0.013478648051439423
1205	0.013455776721054415
1210	0.01545326020997836
1215	0.01627156230589358
1220	0.016832154125757136
1225	0.01697450016766585
1230	0.017798479478519418
1235	0.018008056699118348
1240	0.017821216252347123
1245	0.017639027322602373
1250	0.017911097048448718
1255	0.017387559097332392
1260	0.016850338431355794
1265	0.01473925467722063
1270	0.009844185192911687
1275	0.016318902845834548
1280	0.017166274080453015
1285	0.01712706234644273
1290	0.016769419790161416
1295	0.01667130459010273
1300	0.016959628644972496
1305	0.012562805833489643
1310	0.016164829932679183
1315	0.01221499413881245
1320	0.011457571186714647
1325	0.011275305342604326
1330	0.007680665629072425
1335	0.007372580183800937
1340	0.007755144297215754
1345	0.0033419174899404365
1350	0.0007188580139026256
1355	1.2995209402301478e-05
1360	3.3138357399828575e-08
1365	6.174835296489567e-08
1370	2.3648895699047403e-08
1375	8.2585273842205e-06
1380	2.4213059071750368e-06
1385	2.8843331740036085e-08
1390	2.735511052721787e-05
1395	3.5819957219227613e-06
1400	3.879328152469542e-05
1405	3.553755471404355e-05
1410	2.999479072250239e-05
1415	1.774500189150549e-05
1420	0.00010534533253751889
1425	0.0008397650048065853
1430	0.0018938647000431303
1435	0.0010515925580455007
1440	0.0025780009423198033
1445	0.0031423940728950747
1450	0.0052302713836582726
1455	0.007093896942300913
1460	0.008465933277228386
1465	0.007935675953244846
1470	0.004989925842449367
1475	0.005156041020974796
1480	0.006398749046485632
1485	0.007378985056137145
1490	0.010250310390168653
1495	0.01107446461297236
1500	0.011909262914334319
1505	0.008828939065337974
1510	0.010361399927488848
1515	0.012591458571514327
1520	0.013717333167139216
1525	0.015556453961547886
1530	0.015484170572346398
1535	0.015377099980294979
1540	0.01570385381586128
1545	0.01574862140825315
1550	0.01592093202293455
1555	0.015506166778921597
1560	0.01579336154067247
1565	0.015564084770186393
1570	0.015169275345941815
1575	0.014471999553921148
1580	0.014269743582317435
1585	0.015096040847317874
1590	0.014160870125290088
1595	0.015705009358486826
1600	0.014913762081451988
1605	0.014152304047358491
1610	0.014155777061526516
1615	0.014925806034189392
1620	0.01516940900942758
1625	0.015354433442134009
1630	0.015348761212127318
1635	0.014880613159505809
1640	0.014148109739389111
1645	0.014430375914358893
1650	0.014185024163520335
1655	0.014068485249960105
1660	0.01448749942016346
1665	0.014542106996020654
1670	0.014225371907027103
1675	0.014330820893704152
1680	0.014214909453352687
1685	0.013269798994277932
1690	0.013949568187595926
1695	0.013848313475374383
1700	0.013959183633177675
1705	0.013913968177245547
1710	0.013550071899108538
1715	0.012927616932307111
1720	0.013102546825278958
1725	0.012971434610092142
1730	0.012404452884959729
1735	0.012173940346245684
1740	0.011342669875720674
1745	0.011855437252798997
1750	0.010955243395355602
1755	0.011768143154351818
1760	0.010910831191208342
1765	0.011450382680611557
1770	0.009543135346434983
1775	0.010218383107189014
1780	0.008309952068556644
1785	0.007298293648896155
1790	0.005610093818284271
1795	0.006501606734659098
1800	0.0034437658146297878
1805	0.0023434643909585134
1810	0.001094480050649579
1815	0.000718282505567535
1820	0.0002440216728072334
1825	7.367240315124986e-05
1830	9.536976266850984e-05
1835	3.906770410596936e-07
1840	4.833813150925769e-07
1845	4.736033169778359e-09
1850	4.7469917031741807e-07
1855	2.2790862151333813e-07
1860	2.1641155241181728e-08
1865	8.522559690093731e-07
1870	1.3016495637270089e-06
1875	2.0494199199677056e-11
1880	3.478442626522162e-11
1885	5.990316255092129e-06
1890	3.401500741789386e-06
1895	1.7354879340401696e-05
1900	1.0086922368546744e-05
1905	6.735051226534969e-08
1910	4.437939916794133e-08
1915	1.8092338404839107e-06
1920	1.5699601208743374e-06
1925	3.556046815004343e-05
1930	7.404557607186497e-05
1935	4.379535929963635e-05
1940	0.00028556919948930095
1945	0.00026143671597883745
1950	0.0008672108485465364
1955	0.0013383996133596282
1960	0.0008048365328068787
1965	0.0017606619958864774
1970	0.002300485075982214
1975	0.003942687398138023
1980	0.005488768996391441
1985	0.0061208149766154825
1990	0.006746034282970644
1995	0.006967350038691788
2000	0.006620716084689457
2005	0.0031176504731434524
2010	0.00122794698079715
2015	0.003259957311484354
2020	0.002189709548273842
2025	0.0037030912531224452
2030	0.006103372812539732
2035	0.00701054143037203
2040	0.00797739312486907
2045	0.0074438591777598135
2050	0.007563168785693464
2055	0.005650613120148502
2060	0.004575153797805623
2065	0.005775238368396889
2070	0.005172899574715727
2075	0.005498744521209399
2080	0.006494240469257411
2085	0.007291298307819836
2090	0.007158688187406014
2095	0.007505253282837889
2100	0.007571036490070089
2105	0.00727683813536631
2110	0.007881299357060173
2115	0.007596065199492973
2120	0.007776820936680259
2125	0.00744052461710947
2130	0.007539426253538447
2135	0.0076467647644870755
2140	0.007679837717551322
2145	0.007750278608325244
2150	0.0076506057823833365
2155	0.007245254493094543
2160	0.007271387090508575
2165	0.007222683755577314
2170	0.006554926668618781
2175	0.007051572574853897
2180	0.0069263902453735446
2185	0.00705143365462081
2190	0.006432960425974055
2195	0.006830260941732867
2200	0.006829859130584808
2205	0.006162791914308354
2210	0.006412455718031349
2215	0.0068790749137380685
2220	0.006621836132789618
2225	0.006754938436516003
2230	0.0065622331171081875
2235	0.006596281042359187
2240	0.0064739545466536855
2245	0.006376840432032045
2250	0.006183505392405186
2255	0.0062838258359625785
2260	0.005918962654674393
2265	0.0058563074027143175
2270	0.005966927661394336
2275	0.005685161828261768
2280	0.0056154661866446185
2285	0.00581883156687733
2290	0.005541448430282553
2295	0.005556884784239314
2300	0.005388979149474028
2305	0.005177966425823578
2310	0.005212159684354336
2315	0.005629935630257363
2320	0.005128382018992977
2325	0.004592457210038511
2330	0.004964940842298249
2335	0.005020948288211939
2340	0.005125086717624536
2345	0.004054968873062304
2350	0.00454986373831436
2355	0.003678819654223721
2360	0.004207006859862633
2365	0.0044535386260481915
2370	0.004383295594432363
2375	0.0027353355392615293
2380	0.003919754434545458
2385	0.0037800005325571077
2390	0.0027396671021863985
2395	0.003299614335907859
2400	0.003611134937106665
2405	0.003929209643690386
2410	0.0029914944983078775
2415	0.0030118110243740693
2420	0.002432672612674178
2425	0.0023698843170696917
2430	0.002949271490203769
2435	0.0040233568910259055
2440	0.00132751226112382
2445	0.0038603078101975695
2450	0.0018570110102395113
2455	0.001215696563178619
2460	0.0022205036159972497
2465	0.002981745545745155
2470	0.002158812013136153
2475	0.0014958060845599618
2480	0.0014718859388388667
2485	0.0007193161958077151
2490	0.0005020872778898681
2495	0.00031425949851442343
2500	0.0002575678839441574
