280	3.1972560028079127e-23
285	5.4727091486470735e-15
290	4.144472496118347e-09
295	8.525979479280112e-06
300	0.0007122374849667543
305	0.012474455692610742
310	0.041790927268648886
315	0.11609313688778833
320	0.1815238543921514
325	0.25077149495595313
330	0.4307549149043098
335	0.4299426219994712
340	0.46829619403155154
345	0.4310043520714617
350	0.4984780011556238
355	0.5781577249715574
360	0.5661946076859006
365	0.590555236458207
370	0.714476467836471
375	0.5570076408967831
380	0.6618231079310132
385	0.6358967970386881
390	0.7526451322892598
395	0.7634289827469771
400	1.0547026284658805
405	1.092239303864331
410	0.9977676821898681
415	1.1705457713327128
420	1.0767864676350665
425	1.2022451787392607
430	0.845686514430107
435	1.2092744848407253
440	1.3165625109934915
445	1.4315349731838594
450	1.532690542396655
455	1.5119656399842516
460	1.5215718387711261
465	1.5399937480698576
470	1.556130401648206
475	1.5566562075031949
480	1.5818159033473915
485	1.5637861867316591
490	1.4424728443505022
495	1.5412529239214476
500	1.5378363700557791
505	1.4447365381317696
510	1.5717832453492304
515	1.4697719767719069
520	1.375885999301071
525	1.5653464171263958
530	1.5791482856278063
535	1.5012915891724943
540	1.5040638070991927
545	1.5452032286760415
550	1.516835409112762
555	1.5181756030061833
560	1.4129391081093436
565	1.4727954614059748
570	1.442998261365416
575	1.473001477864928
580	1.4388324568149766
585	1.5049552841720946
590	1.256385384950497
595	1.4124518719014518
600	1.4242835095080053
605	1.4557805400489792
610	1.4398906087434438
615	1.384901327119493
620	1.4403798040957485
625	1.381341510276985
630	1.3820668185522842
635	1.3998571155315265
640	1.4364989130080479
645	1.419584279762053
650	1.3280456354660197
655	1.3913474159132435
660	1.3679180060704617
665	1.3749336951016482
670	1.4178424837605623
675	1.3870845187935519
680	1.3752455124326808
685	1.3553039491265582
690	1.1129339075977585
695	1.2303178336596476
700	1.275404101395495
705	1.2913700561356787
710	1.2931224095812663
715	1.2865950577619745
720	0.9115631600793962
725	1.0420891293577474
730	1.0331093516231764
735	1.2194792515032513
740	1.1745323017783038
745	1.2331161563919961
750	1.2182599388181226
755	1.2239603483915673
760	1.1766185785237193
765	0.530458518960853
770	1.1098153479296573
775	1.157711990842014
780	1.1564824799268154
785	1.1333270389367174
790	1.1052738858282962
795	1.0766536736860584
800	1.0694387475765181
805	1.0567392960786417
810	1.033180859566365
815	0.8845072862679003
820	0.8855719042074481
825	0.9142513551326433
830	0.9080867551943016
835	0.9122698430301239
840	0.9773244390738223
845	0.9621596259055867
850	0.9612977519926744
855	0.8294014928019172
860	0.9659100605899319
865	0.9532144352476566
870	0.9239565618714796
875	0.9146409885788933
880	0.9104827070523182
885	0.9066842178216906
890	0.9077816226355563
895	0.826593950059678
900	0.5325875761030721
905	0.8194645100918919
910	0.6831442080191095
915	0.6074760439528557
920	0.7161323424052488
925	0.6991923416364463
930	0.5340821429264442
935	0.13928130622865392
940	0.38624844564164684
945	0.2766849987267927
950	0.4781231062973565
955	0.410432477833476
960	0.36173084122137916
965	0.44365796682880076
970	0.6637564312743861
975	0.5563802703769152
980	0.6170890991801893
985	0.712894877953098
990	0.7241596920847733
995	0.7289562886980652
1000	0.7138700832819411
1005	0.6991011142616766
1010	0.6955240914678334
1015	0.6963924440937259
1020	0.6655140995678535
1025	0.6672054408748715
1030	0.6630029214423597
1035	0.6570353101389453
1040	0.6533323264989733
1045	0.6455337448624004
1050	0.636442962207844
1055	0.62433190586836
1060	0.5975331677084331
1065	0.610235620452692
1070	0.5660558007258638
1075	0.6001042056644402
1080	0.5837925854977392
1085	0.5584280086002215
1090	0.559021557734856
1095	0.5208077712867739
1100	0.48994230513310066
1105	0.4512289212289624
1110	0.3982434375499172
1115	0.2892575379814426
1120	0.10915980236015811
1125	0.10483591601711652
1130	0.10213213984816812
1135	0.040246047381685544
1140	0.2877767634492434
1145	0.10917649611297389
1150	0.21063117939628354
1155	0.13730277795019988
1160	0.324638278876556
1165	0.38715851957249553
1170	0.40753208861056367
1175	0.32446899124655093
1180	0.4657498462693822
1185	0.4041890661990869
1190	0.40011085051979656
1195	0.45123680880225436
1200	0.3510763951207673
1205	0.3486743932565884
1210	0.398430300250936
1215	0.417374716609946
1220	0.4293533788417332
1225	0.4306511174533373
1230	0.44892898979147605
1235	0.4516576345817658
1240	0.44440382588306926
1245	0.43714567446126723
1250	0.4412405299333947
1255	0.42574389066993523
1260	0.40991193808318555
1265	0.35631014737363476
1270	0.23638576657550975
1275	0.3893362610147925
1280	0.40687962477846634
1285	0.4031362731911468
1290	0.3920810841903645
1295	0.3870288703753329
1300	0.3910383525562864
1305	0.28766812395726205
1310	0.36746181778625364
1315	0.2757325415678369
1320	0.2567319182218086
1325	0.2508581634972325
1330	0.1696653488149492
1335	0.1616422622123956
1340	0.16880646700545718
1345	0.07219566535384524
1350	0.01541695097051794
1355	0.0002766741003198545
1360	7.001756972451519e-07
1365	1.2951407836233526e-06
1370	4.922489922450557e-07
1375	0.00017064111867876473
1380	4.96632359235852e-05
1385	5.870982022547777e-07
1390	0.0005527234092339696
1395	7.182575522666132e-05
1400	0.0007721837459464685
1405	0.0007022051128093227
1410	0.000588200180067286
1415	0.0003454455007430156
1420	0.0020353512121162676
1425	0.016107272495980946
1430	0.03606300237114978
1435	0.019875326474232808
1440	0.04837491777775002
1445	0.05854359210859126
1450	0.0967248600909243
1455	0.13025877013677498
1460	0.15432072934717694
1465	0.14363859953619357
1470	0.08968792326710624
1475	0.09201021629154359
1480	0.113396809453949
1485	0.12984371171078707
1490	0.17913610697179733
1495	0.19222427957225807
1500	0.205281536493603
1505	0.15116511608867084
1510	0.17619135067351507
1515	0.21269657584686041
1520	0.23019301290004868
1525	0.2593124351587333
1530	0.2564372227863936
1535	0.25297431381859553
1540	0.2566119233943914
1545	0.2556626326047159
1550	0.25675061463651005
1555	0.2484549820123761
1560	0.2514435037046167
1565	0.24619695555305474
1570	0.23844799298279473
1575	0.2260736660497691
1580	0.2215169487399256
1585	0.23291332754511024
1590	0.21716248379196648
1595	0.239375315510567
1600	0.22596454241098374
1605	0.2131467223240306
1610	0.21195596350059612
1615	0.2221946231021944
1620	0.22451230374566755
1625	0.2259631782759551
1630	0.22461199918508065
1635	0.2165376424788784
1640	0.20474589061555293
1645	0.20769304740266492
1650	0.20305050638324926
1655	0.20030742544834534
1660	0.20518328545222428
1665	0.20487162348815152
1670	0.19937219858665953
1675	0.19981521051977147
1680	0.19719495262988315
1685	0.18316087174231566
1690	0.19158443503634037
1695	0.18926056074160014
1700	0.18984937790489237
1705	0.18832360332356304
1710	0.18252724236596005
1715	0.17332400528349495
1720	0.17485302045474507
1725	0.17230779057960435
1730	0.16402715541601726
1735	0.16025715529278267
1740	0.1486508163026029
1745	0.1546880194836561
1750	0.14232421527444228
1755	0.15222831556384378
1760	0.14053904402176673
1765	0.14687399415985705
1770	0.12190187052786487
1775	0.12999191362426993
1780	0.10528948259919983
1785	0.0921010236540369
1790	0.07051636756373489
1795	0.0814024319667686
1800	0.04295248221485806
1805	0.029117232217731073
1810	0.013547413242923164
1815	0.008858184852176647
1820	0.002998293681792428
1825	0.0009019149274083936
1830	0.001163412497364511
1835	4.7489185008504805e-06
1840	5.855158659881324e-06
1845	5.717229192557964e-08
1850	5.7108291225109015e-06
1855	2.7325554277409697e-06
1860	2.58603291781136e-07
1865	1.0151329171352517e-05
1870	1.545356062556255e-05
1875	2.425294258442841e-10
1880	4.1036818201222185e-10
1885	7.044867868623044e-05
1890	3.987905384948914e-05
1895	0.00020284490196791375
1900	0.00011755153795961595
1905	7.825506489086412e-07
1910	5.141282527118414e-07
1915	2.090087191405532e-05
1920	1.8084639169323444e-05
1925	0.0004084658756664737
1930	0.0008481451960626225
1935	0.0005003184434353642
1940	0.0032534516018408134
1945	0.002970498819487552
1950	0.009828423883598628
1955	0.015128841317782435
1960	0.009074089290822878
1965	0.019799845859230232
1970	0.025808587196469637
1975	0.044098517994608726
1980	0.06120809535256081
1985	0.06805510443142648
1990	0.07479798681782163
1995	0.07702955254424682
2000	0.07298908637530449
2005	0.03427348773658421
2010	0.013463655641503829
2015	0.035645347865675366
2020	0.02387807383942617
2025	0.04027292379419566
2030	0.06621117316648054
2035	0.07585381201828535
2040	0.08609244302395191
2045	0.0801297817472652
2050	0.08122131297640026
2055	0.06053143188966037
2060	0.04889038089100273
2065	0.06156488130389743
2070	0.05501175786893643
2075	0.05834777134425144
2080	0.06875012517012198
2085	0.07700996812619572
2090	0.07543708561727636
2095	0.07892394705933514
2100	0.0794388940802857
2105	0.07618457214153429
2110	0.0823342537669886
2115	0.07918476865981826
2120	0.080911432989438
2125	0.0772512279104944
2130	0.07811701619908946
2135	0.07906821923182505
2140	0.07925093613097613
2145	0.07983332402973797
2150	0.07865262658345382
2155	0.07434174154985349
2160	0.07446785431886933
2165	0.07383008506908904
2170	0.06689195475045179
2175	0.07182849078987959
2180	0.0704259663276605
2185	0.07156961175609407
2190	0.06517749696259462
2195	0.0690827690086671
2200	0.06897310137016827
2205	0.06213143867842671
2210	0.06454074347640273
2215	0.06912338348166745
2220	0.06643062408503374
2225	0.06765746916555478
2230	0.06563598948581739
2235	0.06587385031548941
2240	0.06455297640669762
2245	0.06348834785532201
2250	0.06147154134844261
2255	0.06238888306906407
2260	0.058669646185721194
2265	0.05797673020514374
2270	0.05898846250361431
2275	0.05612471890466629
2280	0.05536059077614803
2285	0.0572878683499398
2290	0.05448418912393268
2295	0.05457509058948313
2300	0.052857384518612854
2305	0.05072272631742132
2310	0.050993596791015186
2315	0.05501251622317929
2320	0.05005054517104752
2325	0.044766109604244764
2330	0.048297498698133344
2335	0.048752892225739475
2340	0.04966363629584907
2345	0.03921560300038479
2350	0.04391499459781601
2355	0.03543846680584244
2360	0.04044831743314647
2365	0.04274542552303395
2370	0.041983002436970035
2375	0.026149908463027696
2380	0.03741143349547141
2385	0.03601151049809408
2390	0.02605297543129119
2395	0.03132155690867507
2400	0.03421784886901031
2405	0.037166455341492446
2410	0.028247444234994663
2415	0.028390262011811683
2420	0.02289213255507435
2425	0.022268492625200323
2430	0.027666556662877324
2435	0.03767216653853095
2440	0.012412322196309604
2445	0.03603595154983119
2450	0.017307549531519757
2455	0.011312556408947674
2460	0.020630458021240205
2465	0.027660170468746154
2470	0.0199956454008796
2475	0.013833732661133904
2480	0.013592170504919274
2485	0.006632726635323502
2490	0.004622893112371677
2495	0.002889941446285314
2500	0.0023652158850573928
