280	2.3369140408427816e-24
285	3.901453168078503e-16
290	2.8672619468585217e-10
295	5.732804115189313e-07
300	4.6820219565775055e-05
305	0.0007447483664507623
310	0.0022913248798362494
315	0.006140167985537315
320	0.009300703863163092
325	0.012686273019110662
330	0.021367568009153428
335	0.020739445204366436
340	0.021860932583441718
345	0.01922797578829899
350	0.02100625370029927
355	0.022895997147754265
360	0.020968672247629484
365	0.020445365085371495
370	0.02326284226153829
375	0.01723152253584537
380	0.01971416257663315
385	0.018514638960068466
390	0.02173903323191407
395	0.022139094676776935
400	0.030959790730858288
405	0.03258653802491957
410	0.030260884600968683
415	0.03597855612301837
420	0.03336398484340725
425	0.03728553093765112
430	0.02606067823782439
435	0.03672301368820449
440	0.039095063842471516
445	0.041269578388902536
450	0.042626447821881505
455	0.04034612541887433
460	0.03881210453336836
465	0.03747174220473331
470	0.036102952753032366
475	0.034490706839305614
480	0.03359310059286052
485	0.03201954807261573
490	0.028677837214956273
495	0.030023251389701782
500	0.029619529796596496
505	0.027794356062815113
510	0.03048655969045309
515	0.0289838109680044
520	0.027781142222708548
525	0.032542440498156674
530	0.033935636995122746
535	0.03343120897425338
540	0.034743256271845546
545	0.03702064811062363
550	0.03765068667666251
555	0.03896369980416551
560	0.03740624155197721
565	0.04009457622574724
570	0.040264044167255306
575	0.041983125986245616
580	0.041756680030674974
585	0.044300660167205685
590	0.03738201322811092
595	0.04233348713540983
600	0.04285919254303848
605	0.04384373908343325
610	0.04327145629879046
615	0.041411765003944306
620	0.042743461471153425
625	0.040567829861756
630	0.04009401295970433
635	0.04003459871884155
640	0.04041936223653469
645	0.03924888145372682
650	0.03603326078893475
655	0.03700420921349501
660	0.03563985272891722
665	0.03507298145922025
670	0.03540522445707708
675	0.03391031031472892
680	0.03292534705407733
685	0.03179972717040133
690	0.02561037457224827
695	0.02780354052123803
700	0.028345348480116408
705	0.028263028072640434
710	0.0279286303274428
715	0.02747603542223534
720	0.019289342074983905
725	0.021889170007022948
730	0.02159850413253297
735	0.02543323328016051
740	0.024492572277383252
745	0.025768519576040642
750	0.025555679491563454
755	0.02583894338787439
760	0.0250466606025694
765	0.011406635070028972
770	0.024147187969965803
775	0.025525379494018743
780	0.025872526126258944
785	0.02575614762524513
790	0.025541449860358358
795	0.02531943813117262
800	0.025610618185022152
805	0.025783197482624663
810	0.02569258883425995
815	0.022423172255136903
820	0.022889353633303567
825	0.02409308845409643
830	0.024396769532461567
835	0.024982148066064244
840	0.027273243794765773
845	0.027352540977189446
850	0.027828934853968423
855	0.024438038273600162
860	0.02895512286009445
865	0.0290567283877142
870	0.028624790493958364
875	0.028782788655561796
880	0.029086657643370338
885	0.0293873317806265
890	0.02982685199225288
895	0.02752108967519198
900	0.01795745373536583
905	0.02796382137577976
910	0.023578932262919787
915	0.02118830206548685
920	0.025233171180264184
925	0.0248728800647169
930	0.01917039240038324
935	0.005041454112010985
940	0.014085762429454805
945	0.010163502147827828
950	0.017680818033492487
955	0.015271266899934355
960	0.01353051474111704
965	0.01667996253913015
970	0.025070114896523582
975	0.021094081124443182
980	0.023481219097792515
985	0.027213396731827356
990	0.027719325534931664
995	0.027958061853354105
1000	0.02743139381813101
1005	0.026903976938682708
1010	0.026787030863256945
1015	0.026840035060762622
1020	0.02565934139530639
1025	0.02571690376571301
1030	0.025546925627415965
1035	0.025300907904940797
1040	0.025127087058917592
1045	0.02479653885097475
1050	0.02441028094196014
1055	0.023896380803064367
1060	0.022824094072389913
1065	0.023256762038813154
1070	0.021513922815562553
1075	0.02274643172071423
1080	0.02206380816118858
1085	0.0210348746483604
1090	0.02098813625119801
1095	0.019485856433914078
1100	0.018261090308852812
1105	0.016754928073479274
1110	0.01472979565022188
1115	0.01065383379269815
1120	0.004003889440588119
1125	0.0038289516955546977
1130	0.0037134805834596577
1135	0.0014568511764524918
1140	0.010369024635244122
1145	0.003915837666780084
1150	0.007519784080071448
1155	0.004878584216944438
1160	0.011480644539850836
1165	0.01362677918705563
1170	0.014274992344122819
1175	0.011311320357286997
1180	0.016158780204350867
1185	0.013956268691380471
1190	0.013749854578371992
1195	0.015433743428794668
1200	0.01195157111184894
1205	0.011814981819496155
1210	0.01343873760970954
1215	0.014013467880955869
1220	0.014351770336225143
1225	0.014331247706758803
1230	0.01487570357899325
1235	0.014901928446916696
1240	0.01460085186874116
1245	0.014305077869085085
1250	0.01438093676541071
1255	0.01382130655073362
1260	0.013258601603603195
1265	0.011482007475634557
1270	0.007591441011921986
1275	0.012459808851657279
1280	0.012977383449947446
1285	0.01281908348680348
1290	0.012428730176211105
1295	0.012234903012612918
1300	0.012326477228398268
1305	0.00904340532383967
1310	0.01152521068655963
1315	0.008627177024840983
1320	0.008016586128671285
1325	0.007816433666452316
1330	0.005276028044092725
1335	0.005018793104616931
1340	0.005232358263027371
1345	0.0022350495222819644
1350	0.0004766179128983599
1355	8.54281696990446e-06
1360	2.1602925818575315e-08
1365	3.9922325804445043e-08
1370	1.5166794246275752e-08
1375	5.254340346665363e-06
1380	1.5284801519509026e-06
1385	1.8069570796446314e-08
1390	1.7008489501131907e-05
1395	2.2109719265607046e-06
1400	2.3772395867101695e-05
1405	2.162361584448877e-05
1410	1.8127083990301555e-05
1415	1.0651702411622719e-05
1420	6.282642826204579e-05
1425	0.0004976032713803567
1430	0.0011151683234150052
1435	0.000615511492096532
1440	0.0014999455726700936
1445	0.0018177090707906956
1450	0.00300882300999186
1455	0.004058495840206632
1460	0.004818407048712891
1465	0.004493195307316196
1470	0.0028110854858400024
1475	0.0028910070544153088
1480	0.00357082173790899
1485	0.004099735735863542
1490	0.005669771413041268
1495	0.006099347135965478
1500	0.006533182857238924
1505	0.0048239734689512065
1510	0.005640515182881972
1515	0.00682894689450135
1520	0.00741281988197185
1525	0.008379294925456004
1530	0.008312587825990935
1535	0.008228679115524442
1540	0.008379439913735097
1545	0.008378536469855787
1550	0.008448026127586689
1555	0.008205659147050102
1560	0.008335985252795722
1565	0.00819635782624402
1570	0.00796956661591272
1575	0.007586108105246278
1580	0.007465616022795585
1585	0.007881813445289647
1590	0.007379240924824299
1595	0.008170586636001318
1600	0.00774546921182651
1605	0.007339475537541602
1610	0.007329929656890144
1615	0.007717421064521322
1620	0.007834276125231856
1625	0.007919706837454268
1630	0.007907350024010861
1635	0.00765920412763256
1640	0.007274691774851877
1645	0.007412789087938235
1650	0.007281819663945131
1655	0.0072162324989396
1660	0.007425774497526832
1665	0.0074503015356153016
1670	0.0072837586337358715
1675	0.0073353028558859395
1680	0.007272661322344747
1685	0.006786464152019992
1690	0.007133037408037371
1695	0.007079338119528231
1700	0.007134494108276841
1705	0.007111497048475152
1710	0.006924789706141637
1715	0.0066063506448215585
1720	0.006696863003896332
1725	0.006630178153490918
1730	0.006340995724673837
1735	0.006225052758319551
1740	0.005801084668820083
1745	0.006064748608019236
1750	0.005606643979723393
1755	0.006024568062290211
1760	0.005587664714208088
1765	0.005867141695002968
1770	0.004891977872525112
1775	0.005240566954050507
1780	0.004264539036276201
1785	0.003747371390290652
1790	0.002882184008540988
1795	0.003342199126227254
1800	0.0017716336459959125
1805	0.0012063796620956954
1810	0.0005638081352834176
1815	0.0003703230956882067
1820	0.00012590252080346681
1825	3.804018484566591e-05
1830	4.928787587345764e-05
1835	2.0206882460065105e-07
1840	2.502265507346432e-07
1845	2.4540084605597404e-09
1850	2.4618407527071545e-07
1855	1.1830181699557987e-07
1860	1.124369232359904e-08
1865	4.4324796629729224e-07
1870	6.776165750284239e-07
1875	1.0679277303811844e-11
1880	1.8145261063055278e-11
1885	3.1279707692821464e-06
1890	1.7779719895914072e-06
1895	9.080796197695259e-06
1900	5.283851416236042e-06
1905	3.531768520758513e-08
1910	2.329689041162109e-08
1915	9.508555699850439e-07
1920	8.260068551743402e-07
1925	1.8730215389399982e-05
1930	3.9044472255098194e-05
1935	2.3121037810842352e-05
1940	0.00015093291234215663
1945	0.00013833649444269344
1950	0.0004594338237429095
1955	0.0007098861639998927
1960	0.0004273846363725899
1965	0.0009360499342940835
1970	0.0012245617737703513
1975	0.0021012180038278787
1980	0.0029286953285329173
1985	0.003269879788353811
1990	0.003608419514884624
1995	0.00373133131225225
2000	0.003550023491374541
2005	0.0016737323100907524
2010	0.0006600693668884689
2015	0.0017545167350571116
2020	0.0011799662773128291
2025	0.0019979595718492725
2030	0.0032972136335573895
2035	0.003792017410752415
2040	0.004320387531346502
2045	0.004036491732768548
2050	0.004106449308362958
2055	0.0030718782688684207
2060	0.0024903525964563157
2065	0.003147549985443065
2070	0.0028228325518227185
2075	0.003004497296877143
2080	0.0035529217228704416
2085	0.0039940330373108845
2090	0.0039263605403791575
2095	0.004121716756205592
2100	0.0041631121971420215
2105	0.004006412709552527
2110	0.004344713314875912
2115	0.004192782972095383
2120	0.0042980268230876
2125	0.004117374459533557
2130	0.004177387583813157
2135	0.004242224900348932
2140	0.004265964587613182
2145	0.004310540674004811
2150	0.004260478176722359
2155	0.004039837132323013
2160	0.004059520320241838
2165	0.004037409495474102
2170	0.003668732636978345
2175	0.003951657930636628
2180	0.003886376128085135
2185	0.003961495214132056
2190	0.0036185594947794023
2195	0.0038468434052262718
2200	0.003851373607203411
2205	0.003479539203508706
2210	0.0036250005685448685
2215	0.003893608833975796
2220	0.0037526526295645654
2225	0.0038328165410588823
2230	0.00372800629110021
2235	0.0037519620898418945
2240	0.0036869072093271686
2245	0.003636053947532426
2250	0.003530129427364922
2255	0.003591705858583589
2260	0.003387352132190328
2265	0.0033554929452196554
2270	0.003423019717355788
2275	0.0032653250642475677
2280	0.0032291866523604497
2285	0.0033501605447989647
2290	0.003194290217069478
2295	0.0032069370950095345
2300	0.003113751186484413
2305	0.002995392109955028
2310	0.003018755166561897
2315	0.0032645851441269625
2320	0.002977268351190429
2325	0.0026692816976531474
2330	0.0028891742209842964
2335	0.002925095130521124
2340	0.0029892535924874006
2345	0.0023678541809026895
2350	0.0026599304945821222
2355	0.0021531953683466593
2360	0.0024651863949500187
2365	0.0026125580944694666
2370	0.0025744007877011948
2375	0.0016083599404057905
2380	0.002307334545848389
2385	0.0022276021311554775
2390	0.0016163527059199101
2395	0.0019489137147689424
2400	0.002135318908169219
2405	0.002326014041553974
2410	0.0017728906099765142
2415	0.0017869259045410464
2420	0.0014449275644236956
2425	0.0014091361484687213
2430	0.0017555811729122594
2435	0.0023976877435203797
2440	0.0007919556408480764
2445	0.0023054730271484924
2450	0.0011102655359756224
2455	0.000727629525150275
2460	0.0013304783902032833
2465	0.0017885315544109567
2470	0.0012963104144912796
2475	0.000899158191048916
2480	0.0008857273587384888
2485	0.0004333205678466486
2490	0.00030278245906817326
2495	0.0001897052140968856
2500	0.0001556472240861274
