280	2.4104017183679648e-24
285	4.9360289980633765e-16
290	4.3478270510559635e-10
295	9.925164306437102e-07
300	8.745520048690852e-05
305	0.0014298397933049552
310	0.004284921327812974
315	0.010651660133944087
320	0.014395873521862801
325	0.017079642913491077
330	0.02487384958528926
335	0.02125240970062083
340	0.020617571098452837
345	0.017868202998337905
350	0.020746141652459787
355	0.025510554447480346
360	0.02729521940376554
365	0.0313830328866399
370	0.04163560670623722
375	0.03505829223424549
380	0.04410410379164741
385	0.04390245172918491
390	0.05264053074477262
395	0.05291961861862718
400	0.07091157678050775
405	0.06974244586853821
410	0.05926162098159934
415	0.063377363307192
420	0.052110772271551774
425	0.051019009626876034
430	0.030915100042581006
435	0.03747144485741956
440	0.03414151177029007
445	0.030843619461977573
450	0.02748044645719709
455	0.022897289390133392
460	0.02007557507788618
465	0.01854634298857166
470	0.018123720968926702
475	0.01854721093185148
480	0.02016683968214384
485	0.021965112481607197
490	0.022627460211564428
495	0.027075509286711135
500	0.030114596386527342
505	0.03125872338994756
510	0.03716355767737602
515	0.03752841033930218
520	0.037484120438898996
525	0.044966620574385725
530	0.04728783742204702
535	0.04635247739082847
540	0.04738012753038492
545	0.04914898153225749
550	0.048266303166543116
555	0.04786383954773562
560	0.0437563099236613
565	0.04439393340804029
570	0.041974810597292286
575	0.041002205006251166
580	0.03802149629466023
585	0.03742867652506313
590	0.029166180762647872
595	0.03035425991230901
600	0.028102207088460836
605	0.026154484300927865
610	0.023362060457408303
615	0.020128461911856098
620	0.018607033997518216
625	0.015743955047561042
630	0.013811330862968202
635	0.012206234582716944
640	0.01090549363934472
645	0.009392812799579604
650	0.007706727185366186
655	0.007178921154741716
660	0.006405201414111508
665	0.006020667698178529
670	0.006010892013187204
675	0.0059215616391591385
680	0.006125370607941155
685	0.006500719510460118
690	0.005876739634602922
695	0.007265483401042427
700	0.008491322093025114
705	0.009717127324593441
710	0.01099425092487684
715	0.01232036511281579
720	0.009786023474381074
725	0.012472630458730198
730	0.013707326877408424
735	0.017829938832617135
740	0.018812988888817765
745	0.021514984134152742
750	0.02303081070876409
755	0.024938515492906623
760	0.025712282145859158
765	0.012375047298458971
770	0.02751965902710881
775	0.030388429243842944
780	0.032010065446514774
785	0.0329584024370897
790	0.033655836745890046
795	0.034217506666901154
800	0.03536651805551211
805	0.036259734149429214
810	0.03668415331177223
815	0.032414376196558285
820	0.033415039372211394
825	0.035437923419026594
830	0.0360801246800426
835	0.037076857348212554
840	0.04055105938130669
845	0.04067995146169924
850	0.041341420444482316
855	0.036208502284283156
860	0.042749431138618385
865	0.04270289516504422
870	0.04183559206946087
875	0.041797946302445606
880	0.04193669549961816
885	0.04203679850592023
890	0.04229891679605645
895	0.038674629745214247
900	0.024992512835450717
905	0.038525881233931
910	0.03214220805593736
915	0.02856683459573977
920	0.03363537713423144
925	0.03276864401882618
930	0.02495359175377484
935	0.006481872714339951
940	0.017884388312291753
945	0.012739718184447382
950	0.0218747172947362
955	0.01864437162862554
960	0.016299543157135145
965	0.019821293883056555
970	0.0293831759410112
975	0.024383394300151927
980	0.02676335144053884
985	0.03057991895633061
990	0.03070597880039862
995	0.030531919889983026
1000	0.029526136429213073
1005	0.028540137206447307
1010	0.028008442236288598
1015	0.02765573774334513
1020	0.026053790573555714
1025	0.02573564915188097
1030	0.025192348644240317
1035	0.02458569739265154
1040	0.024065646752118107
1045	0.023403969153097986
1050	0.022705773666294726
1055	0.021911888514217364
1060	0.020628774637426243
1065	0.020720718215111168
1070	0.018901608170682243
1075	0.01970519128180994
1080	0.018849662406221702
1085	0.017729566908393776
1090	0.01745223471429434
1095	0.01598857580298448
1100	0.014792564259045769
1105	0.013399586787892673
1110	0.011633242204090158
1115	0.008314088607335726
1120	0.00308762713084178
1125	0.0029188418549213166
1130	0.00280018381707406
1135	0.0010868001541393313
1140	0.007657962238653002
1145	0.0028635984551523747
1150	0.005447672714169761
1155	0.0035040110359038615
1160	0.008177113778553938
1165	0.009629965074933139
1170	0.010018109215972218
1175	0.00788534018587244
1180	0.011199857969595078
1185	0.009620601677730302
1190	0.009432700856390565
1195	0.010547176360233154
1200	0.008138891481607452
1205	0.00802565470581259
1210	0.009108965759056743
1215	0.00948457679641097
1220	0.009709072565781622
1225	0.009694349066241885
1230	0.010071882787720341
1235	0.010102692866690544
1240	0.009918178150074588
1245	0.00974600263196665
1250	0.009830254936803961
1255	0.009485345609232672
1260	0.009143828569650465
1265	0.007960184502885962
1270	0.0052952047734313
1275	0.008747066048665458
1280	0.009174409338438026
1285	0.009133281542456462
1290	0.008926843123781138
1295	0.00886506135645247
1300	0.009012392891642169
1305	0.00667495082914753
1310	0.008592896958008238
1315	0.006498670875076583
1320	0.006104297703308495
1325	0.006017594917082185
1330	0.004107958706774454
1335	0.003953629066746
1340	0.004170915397385196
1345	0.0018034194090277313
1350	0.00038931792036464184
1355	7.065447299403562e-06
1360	1.8094389625298745e-08
1365	3.386683993576104e-08
1370	1.3032768640689478e-08
1375	4.573746159154617e-06
1380	1.347892759371804e-06
1385	1.6143485529539905e-08
1390	1.5395256320700166e-05
1395	2.027502026670138e-06
1400	2.2086213066236385e-05
1405	2.03534447258921e-05
1410	1.7284121095050565e-05
1415	1.0288618949814526e-05
1420	6.146470605693089e-05
1425	0.0004930824011462604
1430	0.0011191571869803832
1435	0.0006254593856349291
1440	0.0015433260589130212
1445	0.0018935384731253422
1450	0.0031723979583562706
1455	0.004331174095606108
1460	0.005202996776856903
1465	0.004909359755286432
1470	0.0031073913824264184
1475	0.003231961276949463
1480	0.0040373241806821005
1485	0.004686225004221134
1490	0.006552254618140063
1495	0.007125093606647692
1500	0.007711449548277717
1505	0.005753614537386483
1510	0.006795093131983702
1515	0.008309885856763231
1520	0.009109820073183745
1525	0.010395093597115749
1530	0.010410714781283574
1535	0.010402021504855263
1540	0.010686888108699267
1545	0.010781687387633535
1550	0.010963768442690647
1555	0.01074090594379622
1560	0.011003445428736294
1565	0.010905353249690799
1570	0.010689117489878613
1575	0.010255052029368416
1580	0.010167156634291633
1585	0.010814846536819522
1590	0.010199809044413193
1595	0.011371687900877118
1600	0.010855747359793009
1605	0.010354387662489107
1610	0.010410168062455254
1615	0.01103212832870712
1620	0.011267454067446711
1625	0.01146119311513488
1630	0.011512755915779627
1635	0.011214360883920683
1640	0.010712834084006381
1645	0.010977600206646714
1650	0.010839806233519598
1655	0.010799562787819846
1660	0.011170995564807029
1665	0.01126169251432756
1670	0.011064318940614342
1675	0.011193233162994455
1680	0.011149606923524671
1685	0.010451637982388436
1690	0.011031253267710279
1695	0.010995464514380235
1700	0.01112765879537496
1705	0.011134286908202024
1710	0.010885039957767352
1715	0.010424598808490277
1720	0.010604513460803688
1725	0.010537252102071177
1730	0.010113411750006452
1735	0.009960358049488633
1740	0.00931308652440095
1745	0.009768049133574706
1750	0.009056670595188863
1755	0.009761626916412839
1760	0.00908067495250575
1765	0.009560313666898086
1770	0.007993684364699653
1775	0.008586597841084266
1780	0.007004349390386234
1785	0.006170683634708753
1790	0.0047577861664393145
1795	0.005530429017602502
1800	0.0029378148612924705
1805	0.0020050009472830908
1810	0.0009390978761755263
1815	0.0006180106995394876
1820	0.00021054248126632774
1825	6.373955702024093e-05
1830	8.27294710069177e-05
1835	3.398019384505214e-07
1840	4.215404968037405e-07
1845	4.140565838615294e-09
1850	4.160754565652515e-07
1855	2.0026585441857698e-07
1860	1.906352639929493e-08
1865	7.525330802758653e-07
1870	1.1521141857606867e-06
1875	1.818290095117839e-11
1880	3.0931819351732654e-11
1885	5.339146976357015e-06
1890	3.038643756449533e-06
1895	1.553830807642444e-05
1900	9.050516307539574e-06
1905	6.056212191588317e-08
1910	3.999204335735857e-08
1915	1.633728882284571e-06
1920	1.420626169774769e-06
1925	3.224420695818126e-05
1930	6.727655255788058e-05
1935	3.98690719358806e-05
1940	0.0002604805765147804
1945	0.00023893207220587867
1950	0.0007940373078231615
1955	0.001227785878086865
1960	0.000739696647936466
1965	0.0016211372811244563
1970	0.0021219118302006753
1975	0.003643143564422195
1980	0.005080706991341957
1985	0.005675617291388333
1990	0.006265779382458725
1995	0.0064822893546640815
2000	0.006170066880329928
2005	0.0029102246264553094
2010	0.0011480548712180137
2015	0.003052741084517854
2020	0.0020537620200916065
2025	0.0034785979484886547
2030	0.0057419228496236015
2035	0.006605371773687374
2040	0.00752759165646395
2045	0.007034509113391048
2050	0.007157362951391551
2055	0.005355111946487204
2060	0.0043420423084684625
2065	0.0054886483842060615
2070	0.00492298579859262
2075	0.005240009083205061
2080	0.006196983236442361
2085	0.006966787207089576
2090	0.006849032579413819
2095	0.007189614936254182
2100	0.0072618802602137465
2105	0.006988478795009214
2110	0.007578387196381323
2115	0.007313068243018777
2120	0.007495889112023094
2125	0.0071803073393583465
2130	0.007284327354943432
2135	0.007396630588934481
2140	0.00743715348156932
2145	0.007513638915259225
2150	0.007425313130903457
2155	0.007039669724308835
2160	0.007072768367837488
2165	0.007032961389906986
2170	0.006389344715268398
2175	0.0068806628291283095
2180	0.0067655212617640775
2185	0.006894710261161297
2190	0.006296339395871825
2195	0.006691872326350395
2200	0.006697895701831646
2205	0.006049598935500784
2210	0.006300725907381089
2215	0.006765628341771833
2220	0.006518733896814176
2225	0.0066559163512935
2230	0.0064717930714291065
2235	0.006511244379349482
2240	0.006396191989307367
2245	0.006305791252936458
2250	0.006119926989819629
2255	0.006224425804041834
2260	0.005868107570366615
2265	0.005810737129280687
2270	0.005925397548855569
2275	0.005650208768611667
2280	0.005585448736365866
2285	0.005792343898569141
2290	0.005520569925122751
2295	0.005540159490086413
2300	0.005376892287716111
2305	0.005170278791989292
2310	0.005208328148050431
2315	0.005629968969705096
2320	0.005132169503273326
2325	0.004599175167688595
2330	0.004975758591981046
2335	0.0050353699038588945
2340	0.005143396250018959
2345	0.004072262705243614
2350	0.004572382562608756
2355	0.00369951705781958
2360	0.004233490891227124
2365	0.004484466610848908
2370	0.004416656483903252
2375	0.002757923042482359
2380	0.003954585448847086
2385	0.0038159810966987306
2390	0.002767458859165652
2395	0.0033351272100786726
2400	0.00365220916410766
2405	0.003976277908556179
2410	0.003029118639396107
2415	0.0030514715196371597
2420	0.0024661291497017697
2425	0.002403828343406412
2430	0.002993201164185646
2435	0.004085590779897447
2440	0.0013487791044103066
2445	0.003924285397108254
2450	0.0018888032937776015
2455	0.0012371669912433466
2460	0.0022609076100572334
2465	0.0030375781009992194
2470	0.002200364474826182
2475	0.0015253708153726076
2480	0.0015017307713311322
2485	0.0007342653384097729
2490	0.0005127730384968919
2495	0.00032110207633429335
2500	0.0002633021629992909
