280	0.5760801112899828	0.0	0.4239198887100172
285	0.6211473438138815	0.0	0.3788526561861185
290	0.6342528648816039	0.0	0.36574713511839607
295	0.6211320290095883	0.0	0.3788679709904117
300	0.6096170447993048	0.0	0.3903829552006952
305	0.6010564380337429	0.0	0.39894356196625713
310	0.593342712640856	0.0	0.40665728735914397
315	0.5852885022131357	0.0	0.41471149778686434
320	0.575908299677796	0.0	0.424091700322204
325	0.564232486671216	0.0	0.43576751332878405
330	0.550001572383482	0.0	0.449998427616518
335	0.5332120953116519	0.0	0.4667879046883481
340	0.5141967774726915	0.0	0.48580322252730845
345	0.49340742723921593	0.0	0.5065925727607841
350	0.4714049995908165	0.0	0.5285950004091835
355	0.4482104650257074	0.0	0.5517895349742926
360	0.41864637217943057	0.0	0.5813536278205694
365	0.3705106235847805	0.0	0.6294893764152195
370	0.3041708309557787	0.0	0.6958291690442213
375	0.23481121329018095	0.0	0.765188786709819
380	0.174837909795439	0.0	0.825162090204561
385	0.1279300618095292	0.0	0.8720699381904709
390	0.09149137460777913	0.0	0.9085086253922209
395	0.06341739353781377	0.0	0.9365826064621863
400	0.04233446344104521	0.0	0.9576655365589548
405	0.026501184442884483	0.0	0.9734988155571155
410	0.015398151694448317	0.0	0.9846018483055516
415	0.00784394367981862	0.0	0.9921560563201813
420	0.00345850372172261	0.0	0.9965414962782774
425	0.0014659032444466868	0.0	0.9985340967555533
430	0.0014959855967836605	0.0	0.9985040144032163
435	0.0030149549573494404	0.0	0.9969850450426505
440	0.005721275205060189	0.0	0.9942787247949398
445	0.00925302447406974	0.0	0.9907469755259303
450	0.01322941661204927	0.0	0.9867705833879508
455	0.017567977290706967	0.0	0.9824320227092931
460	0.02182523847270613	0.0	0.9781747615272939
465	0.025978587538484595	0.0	0.9740214124615154
470	0.03030770287914566	0.0	0.9696922971208544
475	0.03449397332550188	0.0	0.9655060266744981
480	0.03834391307533428	0.0	0.9616560869246658
485	0.041906263285836555	0.0	0.9580937367141634
490	0.04491991079605591	0.0	0.955080089203944
495	0.04763477752456371	0.0	0.9523652224754363
500	0.049924341856729615	0.0	0.9500756581432703
505	0.0519800128851805	0.0	0.9480199871148195
510	0.0535667787428612	0.0	0.9464332212571388
515	0.05492826778477188	0.0	0.9450717322152281
520	0.05593819784336523	0.0	0.9440618021566348
525	0.05661364978411632	0.0	0.9433863502158837
530	0.057079507834284546	0.0	0.9429204921657155
535	0.057105776835004875	0.0	0.9428942231649952
540	0.05701683345847767	0.0	0.9429831665415224
545	0.05663449183581453	0.0	0.9433655081641855
550	0.05606328990547819	0.0	0.9439367100945218
555	0.05527306820064572	0.0	0.9447269317993543
560	0.054351583192740596	0.0	0.9456484168072594
565	0.053237263339616744	2.77191835e-315	0.9467627366603832
570	0.051983563365258396	6.044848e-317	0.9480164366347416
575	0.050623496212848486	4.428093442899308e-280	0.9493765037871515
580	0.049107010983497956	3.4972404293185696e-258	0.9508929890165021
585	0.047597991882523324	1.2786383307810346e-280	0.9524020081174767
590	0.045950775349084476	3.0150562941039686e-278	0.9540492246509156
595	0.044251427146204135	1.5872088182594227e-253	0.9557485728537959
600	0.042471024393479516	6.098958487211403e-234	0.9575289756065205
605	0.040701719548702914	2.918777332783843e-226	0.9592982804512971
610	0.03888030300839217	4.650525936762499e-221	0.9611196969916078
615	0.0370153340812038	3.8678251347444776e-210	0.9629846659187962
620	0.03514059725628781	2.1431179254884052e-194	0.9648594027437122
625	0.03326141254764176	7.605336475962113e-193	0.9667385874523582
630	0.03139433585875493	1.0427412494367236e-175	0.968605664141245
635	0.02953618302463006	8.303393899889478e-161	0.97046381697537
640	0.02770155448708778	4.832711527111925e-153	0.9722984455129122
645	0.025887855575333473	1.6626462888446234e-145	0.9741121444246665
650	0.024134230028425015	3.392277229846843e-138	0.975865769971575
655	0.02243212705276089	4.753763123330664e-134	0.9775678729472391
660	0.020790693907188684	2.0327739577615475e-132	0.9792093060928113
665	0.01916025088869899	1.2180416293890142e-125	0.980839749111301
670	0.01758407490453242	4.764789243304151e-119	0.9824159250954676
675	0.016067129139592556	1.2767923091047726e-112	0.9839328708604075
680	0.014621540451272728	2.231480843531685e-106	0.9853784595487273
685	0.013259727351483876	2.6369833014680617e-104	0.9867402726485162
690	0.011964319750665944	1.4866434833099563e-103	0.9880356802493341
695	0.010734791164027566	8.174809259593397e-103	0.9892652088359725
700	0.00956015609397371	1.1829927604489655e-98	0.9904398439060262
705	0.008451013580122535	4.422234504469817e-93	0.9915489864198774
710	0.007403703721558167	1.104197560175598e-87	0.9925962962784418
715	0.0064465959809130585	1.0853490757302068e-84	0.993553404019087
720	0.005573365543583809	4.159276485651407e-84	0.9944266344564162
725	0.0047534277962191455	8.13320914296898e-80	0.9952465722037809
730	0.0040049884073708126	1.7294539698100429e-75	0.9959950115926292
735	0.003342805859850132	5.581763702920882e-75	0.9966571941401499
740	0.0027448804401457036	8.464932974565406e-73	0.9972551195598542
745	0.0022118770350955715	3.3976302033282156e-68	0.9977881229649044
750	0.001756380118784047	3.229769721158768e-66	0.9982436198812159
755	0.001373826529815756	8.77095736064206e-66	0.9986261734701842
760	0.001056360929245846	2.9329445342815113e-62	0.9989436390707541
765	0.0008064658973835314	4.9147673515311755e-58	0.9991935341026165
770	0.000627176892804133	1.987799468894824e-57	0.9993728231071959
775	0.0005137813353586741	5.675123550688256e-57	0.9994862186646414
780	0.0004672696386643889	4.79807472485814e-53	0.9995327303613356
785	0.0004871918235692814	2.1584151381297874e-49	0.9995128081764307
790	0.0005689291358144074	4.386417099945506e-49	0.9994310708641856
795	0.0007122938629398825	1.3075446417743921e-48	0.9992877061370601
800	0.0009198434618419011	5.254018099890925e-45	0.9990801565381581
805	0.0011878502058461167	1.9042701343720492e-41	0.9988121497941539
810	0.0015032986749532844	3.744385844125571e-41	0.9984967013250468
815	0.0018730821978727764	6.625700333638522e-41	0.9981269178021273
820	0.002303260161622914	5.288516539026643e-38	0.997696739838377
825	0.0027874720311824616	9.783362586880881e-35	0.9972125279688175
830	0.00331060209966953	3.239480889299772e-33	0.9966893979003305
835	0.003875995504008937	1.8265454537133076e-32	0.996124004495991
840	0.004488333336311665	1.0088339083462534e-31	0.9955116666636883
845	0.005145780871264593	5.460124400483333e-31	0.9948542191287354
850	0.005847035724405456	2.8969077691878256e-30	0.9941529642755945
855	0.006590591254563838	1.507190368112934e-29	0.9934094087454362
860	0.007374785133559197	7.692215706079101e-29	0.9926252148664408
865	0.008198494306439997	3.8523845926789606e-28	0.99180150569356
870	0.009059671925903852	1.893846073183042e-27	0.9909403280740962
875	0.00995761890264103	9.14186445621283e-27	0.990042381097359
880	0.010890099072959031	4.3344667766128006e-26	0.989109900927041
885	0.011856236928487996	2.019200653670387e-25	0.988143763071512
890	0.01285424306843388	9.244761604676696e-25	0.9871457569315661
895	0.013882857062521093	4.1611255866380375e-24	0.9861171429374789
900	0.014940762928130447	1.8418253928036866e-23	0.9850592370718696
905	0.016026298720456172	8.01917525656495e-23	0.9839737012795439
910	0.017138653050508088	3.435363047368088e-22	0.9828613469494919
915	0.018275734917713653	1.448416033517056e-21	0.9817242650822864
920	0.01943727272386399	6.011799844092228e-21	0.980562727276136
925	0.020620737170513662	2.4570699929580032e-20	0.9793792628294863
930	0.021826426397911578	9.890996971177905e-20	0.9781735736020885
935	0.02305158765756501	3.9226438764182624e-19	0.976948412342435
940	0.024296360229231588	1.5329824597661397e-18	0.9757036397707685
945	0.025558521398455082	5.904961422340147e-18	0.974441478601545
950	0.026837773515075523	2.2424234118676127e-17	0.9731622264849245
955	0.028132459068362464	8.397238409412738e-17	0.9718675409316374
960	0.02944183320639038	3.1014791726536457e-16	0.9705581667936093
965	0.030764832246501086	1.1300773314238905e-15	0.9692351677534978
970	0.03210021562183266	4.062991553742826e-15	0.9678997843781633
975	0.033447542901801956	1.4416886077642324e-14	0.9665524570981836
980	0.03480505636988709	5.0497852326685723e-14	0.9651949436300624
985	0.03617295362002775	1.7463677241705796e-13	0.9638270463797977
990	0.03754922665249099	5.964094970155747e-13	0.9624507733469126
995	0.0389338827800069	2.0117851506626766e-12	0.9610661172179813
1000	0.04032552360196118	6.703906686790541e-12	0.959674476391335
1005	0.04172364210075576	2.2073070775305786e-11	0.9582763578771711
1010	0.0431274656401271	7.182301983671703e-11	0.9568725342880499
1015	0.04453596344931809	2.309973245681338e-10	0.9554640363196846
1020	0.04594899134742929	7.344580693906983e-10	0.9540510079181127
1025	0.04736498303355098	2.308965348194775e-09	0.9526350146574837
1030	0.04878444328238791	7.178428887352174e-09	0.9512155495391832
1035	0.05020527857463952	2.2073642302344842e-08	0.9497946993517182
1040	0.05162860753734101	6.714588918012582e-08	0.9483713253167698
1045	0.05305210694077765	2.0208504148209483e-07	0.9469476909741809
1050	0.05447662927752074	6.018440327256164e-07	0.9455227688784466
1055	0.055900497693296296	1.7739217251926894e-06	0.9440977283849785
1060	0.05732400029368442	5.1754625954417995e-06	0.9426708242437201
1065	0.05874610857217443	1.4948274355848664e-05	0.9412389431534697
1070	0.060166580022679474	4.274856286692216e-05	0.9397906714144536
1075	0.061584982362258366	0.00012106006634741316	0.9382939575713942
1080	0.06300056151191359	0.00033953818180736795	0.9366599003062791
1085	0.06441345447924163	0.0009432841686307561	0.9346432613521276
1090	0.06582243251363629	0.002596092441101216	0.9315814750452625
1095	0.06722814415036342	0.007079082839801905	0.9256927730098348
1100	0.06862919426128614	0.019127955882614078	0.9122428498560998
1105	0.07002597332209057	0.05122105523316299	0.8787529714447464
1110	0.07141765283214749	0.1359471605092396	0.7926351866586129
1115	0.07280413488537177	0.35767237533867324	0.569523489775955
1120	0.07418510794323435	0.9258148920567658	-1.1102230246251565e-16
1125	0.07555984109142401	0.9244401589085758	2.220446049250313e-16
1130	0.07692987376830077	0.923070126231699	2.220446049250313e-16
1135	0.0782943227564402	0.9217056772435596	2.220446049250313e-16
1140	0.07965372965544577	0.9203462703445543	-1.1102230246251565e-16
1145	0.08100749024509131	0.9189925097549086	0.0
1150	0.08235780255922494	0.917642197440775	0.0
1155	0.083701833663826	0.916298166336174	0.0
1160	0.08504018625892729	0.9149598137410727	0.0
1165	0.08637203030684303	0.9136279696931573	-3.3306690738754696e-16
1170	0.08769763043911842	0.9123023695608817	-1.1102230246251565e-16
1175	0.08901651340465709	0.9109834865953426	3.3306690738754696e-16
1180	0.09032866951946862	0.9096713304805314	0.0
1185	0.09163388238120312	0.9083661176187962	7.771561172376096e-16
1190	0.09293196681753908	0.9070680331824612	-3.3306690738754696e-16
1195	0.09422287211409289	0.905777127885907	1.1102230246251565e-16
1200	0.09550631914298006	0.9044936808570199	1.1102230246251565e-16
1205	0.09678902627190275	0.9032109737280974	-2.220446049250313e-16
1210	0.09806488358796736	0.9019351164120323	3.3306690738754696e-16
1215	0.09933353083987041	0.9006664691601296	0.0
1220	0.10059492797027862	0.8994050720297212	2.220446049250313e-16
1225	0.10184884752829994	0.8981511524717004	-3.3306690738754696e-16
1230	0.10309535467686018	0.8969046453231397	1.1102230246251565e-16
1235	0.10433418033392194	0.8956658196660778	2.220446049250313e-16
1240	0.10556541515521622	0.8944345848447841	-3.3306690738754696e-16
1245	0.10678884395586653	0.8932111560441335	0.0
1250	0.10800449519705833	0.8919955048029419	-2.220446049250313e-16
1255	0.10921226868867481	0.8907877313113249	2.220446049250313e-16
1260	0.11041206838973991	0.8895879316102596	4.440892098500626e-16
1265	0.111603916505075	0.888396083494925	0.0
1270	0.11278769677342215	0.8872123032265778	0.0
1275	0.1139634127251768	0.8860365872748235	-2.220446049250313e-16
1280	0.11513103097782307	0.8848689690221766	3.3306690738754696e-16
1285	0.11629047026978467	0.8837095297302152	1.1102230246251565e-16
1290	0.1174418244453797	0.8825581755546201	2.220446049250313e-16
1295	0.1185848806663709	0.8814151193336296	-5.551115123125783e-16
1300	0.11971990194401287	0.8802800980559872	0.0
1305	0.12084650914312678	0.8791534908568731	1.1102230246251565e-16
1310	0.12196515572582654	0.8780348442741734	0.0
1315	0.12307529688387106	0.8769247031161286	3.3306690738754696e-16
1320	0.12417748632535891	0.8758225136746413	-1.1102230246251565e-16
1325	0.12527127418061507	0.8747287258193849	1.1102230246251565e-16
1330	0.1263570417901256	0.8736429582098745	-1.1102230246251565e-16
1335	0.12743453306907845	0.8725654669309216	-1.1102230246251565e-16
1340	0.12850395243648244	0.8714960475635177	-1.1102230246251565e-16
1345	0.12956522564922526	0.8704347743507747	1.1102230246251565e-16
1350	0.1306184117028637	0.8693815882971363	0.0
1355	0.13166358313107124	0.8683364168689292	-4.440892098500626e-16
1360	0.13270069525290648	0.8672993047470939	-4.440892098500626e-16
1365	0.13372989917460287	0.8662701008253971	0.0
1370	0.13475113243282366	0.8652488675671766	-2.220446049250313e-16
1375	0.13572585870320758	0.8642741412967924	1.1102230246251565e-16
1380	0.1366672863605808	0.8633327136394193	-1.1102230246251565e-16
1385	0.13759916472243477	0.8624008352775653	-1.1102230246251565e-16
1390	0.13852170347270593	0.861478296527294	0.0
1395	0.1394348430150868	0.8605651569849132	0.0
1400	0.14033952259175567	0.8596604774082444	0.0
1405	0.1413075034932989	0.8586924965067009	2.220446049250313e-16
1410	0.14226822448836635	0.8577317755116333	3.3306690738754696e-16
1415	0.14322192800550396	0.8567780719944962	-1.1102230246251565e-16
1420	0.14416833614387703	0.855831663856123	0.0
1425	0.1451081526441602	0.8548918473558398	0.0
1430	0.1460407378839105	0.8539592621160895	0.0
1435	0.14696688218377527	0.8530331178162246	1.1102230246251565e-16
1440	0.14788606853532704	0.8521139314646733	-3.3306690738754696e-16
1445	0.1487988704199998	0.8512011295800005	-3.3306690738754696e-16
1450	0.14970511594312327	0.8502948840568766	1.1102230246251565e-16
1455	0.15060491870050746	0.8493950812994924	2.220446049250313e-16
1460	0.15149872799888942	0.8485012720011106	0.0
1465	0.15238589478162545	0.8476141052183745	0.0
1470	0.15326780814209526	0.8467321918579042	5.551115123125783e-16
1475	0.1541427127844613	0.8458572872155391	-3.3306690738754696e-16
1480	0.15501331127538628	0.8449866887246136	1.1102230246251565e-16
1485	0.15587695858154269	0.8441230414184573	0.0
1490	0.15673624132661365	0.843263758673386	3.3306690738754696e-16
1495	0.1575892556081831	0.842410744391817	0.0
1500	0.15843767388157326	0.8415623261184266	1.1102230246251565e-16
1505	0.15928072041156102	0.8407192795884386	3.3306690738754696e-16
1510	0.16011873811763805	0.8398812618823618	1.1102230246251565e-16
1515	0.16095252927094564	0.8390474707290542	2.220446049250313e-16
1520	0.16178062427489887	0.8382193757251013	-2.220446049250313e-16
1525	0.16260592007610983	0.8373940799238901	0.0
1530	0.16342459447162117	0.8365754055283788	0.0
1535	0.1642426695518501	0.8357425598885756	1.4770559574328601e-05
1540	0.1650407896892005	0.8349343293875948	2.4880923204628758e-05
1545	0.16580902345917128	0.8341662097721976	2.4766768631168112e-05
1550	0.16657075449058514	0.8334045919022992	2.4653607115676657e-05
1555	0.1673265191147371	0.8326489393267927	2.454155847020356e-05
1560	0.16807619529695728	0.8318993741489883	2.4430554054433173e-05
1565	0.16881960061716614	0.8311560788431294	2.43205397044699e-05
1570	0.1695569314569157	0.8304188570186032	2.4211524481176916e-05
1575	0.1702884086126534	0.8296874878347598	2.4103552586862698e-05
1580	0.17101385596552757	0.828962147491113	2.3996543359494638e-05
1585	0.17173321994306037	0.8282428895833329	2.3890473606735796e-05
1590	0.17244695698105356	0.8275292575997427	2.3785419203670166e-05
1595	0.17315472536460952	0.8268215933496236	2.3681285766907756e-05
1600	0.17385674185750008	0.8261196800822052	2.3578060294737746e-05
1605	0.17456127441243444	0.8254152507569241	2.3474830641467825e-05
1610	0.17526087901471044	0.8247134113771136	2.5709608175938925e-05
1615	0.1759542284685693	0.8240201734885266	2.5598042904029228e-05
1620	0.17664185815295827	0.8233326544552572	2.548739178453996e-05
1625	0.17732431432091184	0.8226503078827941	2.5377796294079324e-05
1630	0.17800116338643043	0.8219735675150941	2.526909847544445e-05
1635	0.17867276509242927	0.8213020735195233	2.5161388047423294e-05
1640	0.17933883585207644	0.8206361095991459	2.505454877765878e-05
1645	0.17999990888510173	0.819975142394623	2.4948720275252967e-05
1650	0.18065547285954395	0.8193196834180284	2.4843722427614345e-05
1655	0.18130592925851116	0.8186693310831958	2.4739658292971534e-05
1660	0.18195130068727305	0.8180240628133069	2.463649942008317e-05
1665	0.18259138531361327	0.817384080508383	2.4534178003743357e-05
1670	0.1832264121678382	0.8167491551079389	2.443272422292253e-05
1675	0.18385651293378732	0.8161191549003031	2.433216590957965e-05
1680	0.18448165061363908	0.8154941169278673	2.423245849358935e-05
1685	0.1851025682674816	0.8148711043043605	2.6327428157890687e-05
1690	0.1857177212507056	0.8142560583123716	2.6220436922796964e-05
1695	0.18632800224407786	0.8136458834114914	2.61143444307832e-05
1700	0.18693710071797384	0.8130368906145657	2.6008667460386548e-05
1705	0.18754239769712944	0.8124316985524704	2.5903750400124714e-05
1710	0.18814301439933329	0.8118311859026343	2.5799698032513696e-05
1715	0.18873894546391423	0.8112353580379029	2.5696498182847805e-05
1720	0.18933014588500016	0.8106442600132006	2.5594101799253366e-05
1725	0.18991674907678638	0.8100577583817987	2.5492541414928738e-05
1730	0.19049894668861214	0.8094756614655859	2.5391845801969737e-05
1735	0.1910766367086114	0.8088980713195413	2.5291971847307693e-05
1740	0.1916496646925523	0.8083251424719605	2.519283548718665e-05
1745	0.19221838593639837	0.8077565195208884	2.5094542713155477e-05
1750	0.192782649451794	0.8071923535366391	2.4997011566885163e-05
1755	0.19334340058969324	0.8066296242097086	2.6975200598133853e-05
1760	0.19389886736766465	0.8060742614536703	2.6871178664955586e-05
1765	0.19445030223470142	0.8055229296869157	2.67680783828661e-05
1770	0.19499724970352672	0.8049760845944582	2.6665702015038484e-05
1775	0.1955399700168741	0.8044334658509785	2.6564132147410824e-05
1780	0.19607877732275636	0.8038947592273875	2.6463449856128918e-05
1785	0.19661318094866648	0.8033604555852719	2.6363466061662955e-05
1790	0.19714350114396223	0.8028302345914781	2.6264264559761052e-05
1795	0.19766973878313804	0.8023040953816246	2.6165835237290658e-05
1800	0.1981920043812904	0.8017819274568937	2.606816181593974e-05
1805	0.19871444924039713	0.8012595800304935	2.597072910937026e-05
1810	0.19923298405064316	0.800741141901791	2.5874047565821456e-05
1815	0.19974841224952536	0.8002238268071525	2.7760943322130416e-05
1820	0.20025894733664548	0.7997133943467111	2.7658316643419667e-05
1825	0.20076586487529105	0.7992065785630701	2.75565616388862e-05
1830	0.201268990605764	0.7987035538182643	2.7455575971724322e-05
1835	0.2017681115548147	0.7982045331827253	2.735526246000486e-05
1840	0.2022637314533375	0.7977090127526371	2.725579402540479e-05
1845	0.20275540830449387	0.7972174347156432	2.7156979862885677e-05
1850	0.20324364776073955	0.7967292932440762	2.7058995184292556e-05
1855	0.20372801269329785	0.7962450256561502	2.6961650551937666e-05
1860	0.20420877545005622	0.7957643595232207	2.6865026723110752e-05
1865	0.2046860531839923	0.7952871776539858	2.6769162021933468e-05
1870	0.20515986146547832	0.7948132740146229	2.6864519898750494e-05
1875	0.20563069428499323	0.7943408277650721	2.8477949934657687e-05
1880	0.20609726983527554	0.7938743527453509	2.8377419373559754e-05
1885	0.20656046898523497	0.7934112533494501	2.8277665314990763e-05
1890	0.20702014148151784	0.7929516799293803	2.8178589101868212e-05
1895	0.20747636488854015	0.792495554896619	2.80802148407977e-05
1900	0.20792926633775385	0.7920427510929311	2.798256931502152e-05
1905	0.20837887082930864	0.7915932435170097	2.788565368172513e-05
1910	0.20882514097149063	0.791147069607331	2.7789421178314733e-05
1915	0.20926795692782	0.7907043492658167	2.7693806363360274e-05
1920	0.2097077068638976	0.7902646941789427	2.7598957159646886e-05
1925	0.21014478721110197	0.7898258745469323	2.9338241965715106e-05
1930	0.2105779604674552	0.789392801098446	2.923843409885496e-05
1935	0.21100801413984024	0.7889628464953995	2.9139364760233377e-05
1940	0.2114348021345016	0.7885361569341891	2.9040931309287643e-05
1945	0.21185845335814404	0.7881126034548228	2.8943187033170226e-05
1950	0.21227902623168574	0.7876921276373843	2.8846130930015867e-05
1955	0.21269649640108276	0.787274753858484	2.8749740433209325e-05
1960	0.21311104853172935	0.7868602973895654	2.865407870522585e-05
1965	0.2135224212175955	0.7864490197779378	2.8559004466743865e-05
1970	0.21393081732201324	0.7860407180874219	2.8464590564825087e-05
1975	0.214336989754304	0.7856328663402953	3.0143905400681348e-05
1980	0.21473947712728172	0.7852304779049318	3.0044967786468924e-05
1985	0.21513904419179591	0.7848310090973083	2.9946710895734086e-05
1990	0.2155356737209397	0.7844344771833761	2.9849095684153504e-05
1995	0.2159293406074451	0.784040907294742	2.9752097812973943e-05
2000	0.21632031745940994	0.7836500267039633	2.965583662672966e-05
2005	0.2167201035409251	0.7832503378948463	2.9558564228593376e-05
2010	0.21711735954963077	0.7828531784002625	2.9462050106787707e-05
2015	0.21751169914266646	0.782458934784606	2.9366072727521342e-05
2020	0.21790364708043639	0.7820664378573803	2.991506218330553e-05
2025	0.21829310040479846	0.7816760074190938	3.0892176107744085e-05
2030	0.21867945553243393	0.7812897519011579	3.079256640814432e-05
2035	0.219063178879038	0.7809061275087483	3.06936122136392e-05
2040	0.2194443142404608	0.7805250904484147	3.0595311124592683e-05
2045	0.21982286069806017	0.7801466416492212	3.0497652718675106e-05
2050	0.220198857327562	0.779770742039933	3.040063250503433e-05
2055	0.2205722283319621	0.7793974674726281	3.0304195409835977e-05
2060	0.22094307959965126	0.7790267120233499	3.0208376998852593e-05
2065	0.22131219654094267	0.7786560174007435	3.1786058313776344e-05
2070	0.22167805723460554	0.7782902565589492	3.168620644522502e-05
2075	0.2220413959395728	0.7779270171031559	3.158695727123462e-05
2080	0.2224024756623446	0.7775660358864928	3.1488451162631215e-05
2085	0.2227609815973956	0.7772076279258368	3.139047676758988e-05
2090	0.22311709093977955	0.7768516159401424	3.129312007810192e-05
2095	0.22347082369360047	0.7764979799222832	3.119638411630543e-05
2100	0.22382220798903127	0.7761466917508305	3.110026013819489e-05
2105	0.2241711917245345	0.7757978035708707	3.100470459482807e-05
2110	0.22451853365775448	0.7754489298961692	3.253644607636996e-05
2115	0.22486296841255507	0.7751045944212539	3.243716619105719e-05
2120	0.22520499968010194	0.7747626619031905	3.2338416707466955e-05
2125	0.22554485457321619	0.7744229050821361	3.224034464777148e-05
2130	0.2258824683616694	0.7740853887600104	3.2142878320207124e-05
2135	0.22621777913288116	0.7737501749023465	3.204596477224264e-05
2140	0.22655089036092968	0.7734171599897017	3.1949649368590016e-05
2145	0.22688181354469772	0.7730863325246902	3.18539306121135e-05
2150	0.22721128761356194	0.77275536574051	3.334664592813397e-05
2155	0.22753773418509862	0.7724290185586222	3.324725627917857e-05
2160	0.22786221809335475	0.7721046333109541	3.314859569114592e-05
2165	0.22818446506912524	0.771782484480123	3.305045075174817e-05
2170	0.2285046974016961	0.771462349637865	3.2952960438925594e-05
2175	0.22882272638783835	0.7711444176381204	3.285597404123486e-05
2180	0.22913873107778474	0.7708285093228121	3.275959940318707e-05
2185	0.2294527745394369	0.770514561585686	3.266387487710354e-05
2190	0.22976537204903652	0.7702005085248923	3.411942607123297e-05
2195	0.23007525126686754	0.7698907284807681	3.40202523643196e-05
2200	0.23038313386582748	0.769582944465548	3.392166862448143e-05
2205	0.23068888171412458	0.7692772947312125	3.382355466285958e-05
2210	0.23099281781979433	0.7689734560376598	3.3726142545931204e-05
2215	0.2312948049823699	0.7686715657042367	3.3629313393457316e-05
2220	0.2315947090309748	0.7683717580357082	3.353293331698204e-05
2225	0.23189347058977672	0.7680715724413313	3.4956968891997064e-05
2230	0.2321896119751388	0.7677755305826018	3.485744225939502e-05
2235	0.23248380503532912	0.7674814365123801	3.4758452290839514e-05
2240	0.23277613385695073	0.7671892060986696	3.466004437968628e-05
2245	0.23306658687938014	0.7668988509214898	3.456219913000602e-05
2250	0.233355226449218	0.7666103086063708	3.4464944411172205e-05
2255	0.2336419955942211	0.7663236361838068	3.43682219721142e-05
2260	0.2339276578422844	0.7660365800887052	3.576206901034773e-05
2265	0.23421079345709217	0.7657535442551048	3.566228780305103e-05
2270	0.2344921221227507	0.7654723148201439	3.5563057105392204e-05
2275	0.2347716826426066	0.7651928529549763	3.5464402417084706e-05
2280	0.23504948287987415	0.7649151508145772	3.536630554867859e-05
2285	0.23532552822437844	0.7646392030136507	3.526876197079698e-05
2290	0.2355997352849147	0.7643650930448609	3.5171670224376506e-05
2295	0.23587301891301066	0.7640904444748875	3.65366121017896e-05
2300	0.23614379594236723	0.7638197674501614	3.6436607471324045e-05
2305	0.23641293477157962	0.7635507280088331	3.633721958729019e-05
2310	0.2366804322727122	0.7632833293066703	3.623842061750704e-05
2315	0.23694617534650536	0.7630176845615102	3.6140091984382394e-05
2320	0.2372102799922168	0.7627536776870887	3.6042320694540386e-05
2325	0.23747274258649106	0.7624913123194786	3.5945094030265246e-05
2330	0.23773425135018345	0.7622284664015941	3.728224822241444e-05
2335	0.23799343261644015	0.7619693851741407	3.718220941917316e-05
2340	0.23825097161103329	0.7617119457125164	3.708267645030627e-05
2345	0.23850701941649402	0.7614559967893759	3.698379413008546e-05
2350	0.23876135362080741	0.7612017610687555	3.6885310437106966e-05
2355	0.23901420768920706	0.7609490048556566	3.678745513635562e-05
2360	0.23926614866575766	0.7606957501640442	3.810117019809045e-05
2365	0.23951583221643502	0.760446167209328	3.800057423697378e-05
2370	0.2397640001368444	0.760198099329376	3.790053377961122e-05
2375	0.24001064780795364	0.7599515511574696	3.780103457673434e-05
2380	0.24025579520196058	0.7597065027242667	3.770207377273849e-05
2385	0.24049945081194798	0.7594629455366525	3.760365139948707e-05
2390	0.2407422598339215	0.7592188818004799	3.885836559858191e-05
2395	0.24098285363117627	0.7589783527265757	3.879364224812498e-05
2400	0.24122206078185385	0.758739246054978	3.869316316817972e-05
2405	0.24145984327644945	0.7585015634733591	3.859325019150983e-05
2410	0.24169606550708017	0.7582654407683799	3.8493724540011875e-05
2415	0.24193096505440043	0.7580306400977973	3.8394847802325494e-05
2420	0.24216498275559142	0.7577954346826923	3.958256171632257e-05
2425	0.2423970020288882	0.7575634353778902	3.956259322168698e-05
2430	0.24262759734160766	0.7573329409698384	3.946168855395449e-05
2435	0.24285681002789386	0.7571038286544085	3.936131769766149e-05
2440	0.24308411864929264	0.7568766197848712	3.9261565836112844e-05
2445	0.24330964176373637	0.7566511958304903	3.9162405773285336e-05
2450	0.24353412145259412	0.756426017937412	3.9860609993835894e-05
2455	0.2437571626447316	0.7562025283188265	4.030903644192119e-05
2460	0.2439786613574056	0.7559811305848777	4.0208057716761836e-05
2465	0.244198715196121	0.7557611773504109	4.0107453468052334e-05
2470	0.24441748372645772	0.7555425088733247	4.000740021758986e-05
2475	0.24463492022855424	0.7553251719414108	3.9907830034935365e-05
2480	0.2448517663119882	0.7551071842116591	4.1049476352639225e-05
2485	0.24506667372189936	0.7548922923251868	4.103395291377154e-05
2490	0.24528027022436236	0.7546787971227018	4.0932652935810054e-05
2495	0.2454924837338833	0.754466684548331	4.0831717785683175e-05
2500	0.24570356244453195	0.7542557061038019	4.0731451666164986e-05
