280	2.72537739850178e-23
285	4.977999042793209e-15
290	3.816172637419635e-09
295	7.63371263652784e-06
300	0.0006221141942176904
305	0.009895192139349508
310	0.030224284439212563
315	0.07974555842653974
320	0.11821669667486119
325	0.157387009832069
330	0.2592652412058496
335	0.2473464267731691
340	0.2580239429357966
345	0.22646414095425532
350	0.24889241168395929
355	0.2740358783167175
360	0.25042170044657
365	0.23104671976123325
370	0.22967026932977982
375	0.13837424799190365
380	0.1225211620473498
385	0.08616729313180839
390	0.07291771064865389
395	0.051223497108362936
400	0.04716482571966847
405	0.030505513412204328
410	0.01614496205162906
415	0.009615106162721664
420	0.0038845913802388354
425	0.0018306199716650224
430	0.0013084189226589252
435	0.0037542219128915235
440	0.00772314939931075
445	0.013526996478642554
450	0.020631275206490836
455	0.026940493175299136
460	0.033591224533342005
465	0.040381116469820455
470	0.047528539655076224
475	0.05405550559839399
480	0.06102817205070204
485	0.06593531465393523
490	0.06521921848479358
495	0.07395299210688516
500	0.07741767691723062
505	0.0758232447956128
510	0.0851336814560293
515	0.08176072659763295
520	0.07807294272998484
525	0.09004400998163702
530	0.0917324770404787
535	0.08738325971292446
540	0.08753224272545491
545	0.0894371895071183
550	0.08701022593330215
555	0.08594409374518402
560	0.0787173979380462
565	0.08042021000082505
570	0.07697206227493811
575	0.07653766392420562
580	0.07253105522262648
585	0.07352937786012204
590	0.05924892973510953
595	0.06412474307756441
600	0.06203317822911618
605	0.06073103573861962
610	0.05734455890707761
615	0.052472937593514506
620	0.05177264193768884
625	0.04695846223476064
630	0.04430996563104671
635	0.04218948383238157
640	0.040571696701788756
645	0.03743901673304727
650	0.03262706557542778
655	0.031748189417772486
660	0.028909459877945867
665	0.02676112241624588
670	0.025310517417583965
675	0.022612877551062564
680	0.020392662467390073
685	0.018217539408203694
690	0.01349335981480105
695	0.013379843706843957
700	0.012349809642195238
705	0.011052235560084252
710	0.00969515002338042
715	0.008399269903531624
720	0.005145219602525701
725	0.005017243038909308
730	0.004191620867154292
735	0.004130705201016808
740	0.00326778016399346
745	0.002765509856979993
750	0.0021703589127814466
755	0.001706292550031169
760	0.001261823129984163
765	0.0004345076961922991
770	0.0007073300997045012
775	0.0006047720098506954
780	0.0005497427298886536
785	0.000562024487669523
790	0.0006404435281862783
795	0.000781528826417639
800	0.0010030892951385932
805	0.0012807400919432831
810	0.0015856794423407244
815	0.0016924421507099258
820	0.0020848880656994455
825	0.0026064535974774723
830	0.0030765425312228945
835	0.0036206449202048283
840	0.00449416816964887
845	0.005075335131136981
850	0.005764943342834803
855	0.005609384028584374
860	0.0073136481648019905
865	0.008027637685093788
870	0.008602702073961261
875	0.009364343968421677
880	0.01019923118777051
885	0.011062461866125724
890	0.012012932859604883
895	0.011818476217324205
900	0.008198146026294458
905	0.013535331110335669
910	0.012070924730003351
915	0.011449565168598427
920	0.014359673970209002
925	0.014877861868525608
930	0.012032254080376717
935	0.003314818305157849
940	0.009691089204633603
945	0.007304369830464477
950	0.013256786605506705
955	0.011931257215483205
960	0.011006829344209044
965	0.014108752068245398
970	0.022027809964014013
975	0.019242036955977645
980	0.022210846722443445
985	0.02667104216311886
990	0.0281266237163149
995	0.029360041004403203
1000	0.029783221966700465
1005	0.03018121375000269
1010	0.031039699570512277
1015	0.032096178138654556
1020	0.03164874626028234
1025	0.032709309983309634
1030	0.03347978773583717
1035	0.03414712022254107
1040	0.03491952499395597
1045	0.03545631463172993
1050	0.035897919628715066
1055	0.03613743573880832
1060	0.03546922518171723
1065	0.03712519077327135
1070	0.03527325920409607
1075	0.03827999333673256
1080	0.038098959568714626
1085	0.03726447168533087
1090	0.038123694687573
1095	0.036279667990743614
1100	0.03484441451034019
1105	0.032747646424075655
1110	0.029479778736053838
1115	0.021830319845378726
1120	0.008395528665935832
1125	0.00821335472663779
1130	0.008147642930800735
1135	0.003268005031853814
1140	0.02377663830215056
1145	0.009174908345159041
1150	0.01799847417129302
1155	0.011925837260421927
1160	0.028652589956220373
1165	0.034711191539714074
1170	0.037104867438791
1175	0.029991443696297068
1180	0.04369288073326216
1185	0.03847248551774813
1190	0.03863088928638282
1195	0.044181104734298156
1200	0.034849300792082
1205	0.03508311835277659
1210	0.040626319972823115
1215	0.04311770573166255
1220	0.044928712679365546
1225	0.045636431600480636
1230	0.048167180658575844
1235	0.049053758225796745
1240	0.04884722890062165
1245	0.048618824876226915
1250	0.04964534626227984
1255	0.04844983875835681
1260	0.047173556219516376
1265	0.04145862290330526
1270	0.027804423008584028
1275	0.0462851004442033
1280	0.04888003051194456
1285	0.048932704080119994
1290	0.04807598525496064
1295	0.04793319461415379
1300	0.04890797434216814
1305	0.03632887757860677
1310	0.04685047526896175
1315	0.03548630035052654
1320	0.03334786395267514
1325	0.03288245675966965
1330	0.022439747051508405
1335	0.02156829472194153
1340	0.02272078383029446
1345	0.009800961494235646
1350	0.0021106629147065745
1355	3.8194288830492456e-05
1360	9.745406358678198e-08
1365	1.8172555998836784e-07
1370	6.9621867594067e-08
1375	2.4318002103853702e-05
1380	7.129112325713335e-06
1385	8.488354872562279e-08
1390	8.04783392835727e-05
1395	1.0530955953557445e-05
1400	0.00011399218062037945
1405	0.00010441494048126843
1410	8.809106192095157e-05
1415	5.2101272969842234e-05
1420	0.00030912574635970114
1425	0.002463210891134619
1430	0.005552468854346277
1435	0.0030807197843362973
1440	0.007547957051974557
1445	0.009194431002122208
1450	0.01528938349127118
1455	0.02072173076400282
1460	0.024704897574778895
1465	0.023138274263642008
1470	0.014536685263237025
1475	0.015004097519726676
1480	0.01860314748615911
1485	0.021428405496204676
1490	0.02973756706689841
1495	0.03209620368971865
1500	0.03447445345989153
1505	0.025531106674769113
1510	0.029926192154186553
1515	0.03632859538174514
1520	0.03953433115405704
1525	0.04478004432975989
1530	0.04452339651784847
1535	0.04416813869588353
1540	0.04504788354566728
1545	0.04511663528324051
1550	0.04554377569281579
1555	0.04429802267043549
1560	0.0450578664352083
1565	0.044338779906092515
1570	0.043155630194414187
1575	0.04111613625952516
1580	0.04048239998415969
1585	0.042768441094619754
1590	0.04006460151540817
1595	0.044369166827427545
1600	0.04207680866435217
1605	0.03987328630128827
1610	0.03983153997367324
1615	0.04194396898233756
1620	0.042570687814862944
1625	0.04303483784254209
1630	0.042964140806582715
1635	0.041598593168819385
1640	0.03950117198477836
1645	0.04023897963126449
1650	0.03950393225019647
1655	0.039131258711864465
1660	0.0402476277120248
1665	0.04034904432660226
1670	0.039422994842032065
1675	0.039667042665464614
1680	0.03930012603022353
1685	0.03664475543991333
1690	0.03847699748872119
1695	0.03815438501951982
1700	0.038417443568550806
1705	0.03825114743430652
1710	0.03721092538790014
1715	0.03546404785266949
1720	0.035906462167090286
1725	0.03551063374237752
1730	0.03392405242630805
1735	0.03326071015186799
1740	0.030959086834434896
1745	0.03232728814678348
1750	0.02984468196163223
1755	0.03202926774168858
1760	0.02966846569592637
1765	0.031108159351507535
1770	0.02590343465061649
1775	0.027711924550791397
1780	0.02251768678774534
1785	0.019759624685340982
1790	0.015176303861563356
1795	0.017573630456776103
1800	0.00930134895761834
1805	0.00632468349042336
1810	0.0029516366587102783
1815	0.001935781837951375
1820	0.0006571697615799358
1825	0.0001982663298575937
1830	0.00025649720162798564
1835	1.0500214293424112e-06
1840	1.2983308921989735e-06
1845	1.271337236691668e-08
1850	1.273484048139242e-06
1855	6.110414284710082e-07
1860	5.798712387679797e-08
1865	2.282454179054698e-06
1870	3.484024767406753e-06
1875	5.4825255710264896e-11
1880	9.301169787665984e-11
1885	1.6009469148700637e-05
1890	9.086114009623818e-06
1895	4.633569657055767e-05
1900	2.692060211274899e-05
1905	1.796663462177382e-07
1910	1.1833494263431461e-07
1915	4.822580067401612e-06
1920	4.183039628814166e-06
1925	9.471015414817154e-05
1930	0.00019713255769160818
1935	0.00011656504717113055
1940	0.0007597909614703315
1945	0.0006953406297667646
1950	0.002305987061954802
1955	0.003557774295300911
1960	0.0021387824830644358
1965	0.004677422159192647
1970	0.006110505935168664
1975	0.010469718938528489
1980	0.014571576699425956
1985	0.016245579505010894
1990	0.017903039666282414
1995	0.018486358637425194
2000	0.017563046574529492
2005	0.00826917227070754
2010	0.003256977510604011
2015	0.008645655017522706
2020	0.005806696387399469
2025	0.00981904194930824
2030	0.016184466503955434
2035	0.01858882510695965
2040	0.021151359672381055
2045	0.01973591625633254
2050	0.020054390732250384
2055	0.01498280975390519
2060	0.012131100728498453
2065	0.015313254815257447
2070	0.013716329791391218
2075	0.014582790719727384
2080	0.017223514922718952
2085	0.019338326334433106
2090	0.018987710673157118
2095	0.0199112503910998
2100	0.020087371700391588
2105	0.01930853725680933
2110	0.020914574965820804
2115	0.02015986457005921
2120	0.020645217935673987
2125	0.01975502272235886
2130	0.020020414935831482
2135	0.020308474903875273
2140	0.02039954837165955
2145	0.020593381570011577
2150	0.020332229283387203
2155	0.019258566283692564
2160	0.019331830583040218
2165	0.01920628642486827
2170	0.01743719345872343
2175	0.018762548272897195
2180	0.01843375263774563
2185	0.018771072579522256
2190	0.017129008486255672
2195	0.018191589967168683
2200	0.018198424510329447
2205	0.016425509755809097
2210	0.01709577844684298
2215	0.018345147457176667
2220	0.01766442324191954
2225	0.018025079468943342
2230	0.01751940279236015
2235	0.017615995358941993
2240	0.017295033969437584
2245	0.01704136269944652
2250	0.016530417531209703
2255	0.016807504237061482
2260	0.01583456315934423
2265	0.015675494195289724
2270	0.015977589725077866
2275	0.01522893473797796
2280	0.015048102943452421
2285	0.015599258614937599
2290	0.01486163130177242
2295	0.014911892255680534
2300	0.014467349658409128
2305	0.0139067544750034
2310	0.014004617858008654
2315	0.015133752219381296
2320	0.013791642889027476
2325	0.012355944269517716
2330	0.013364230939650563
2335	0.013523738814996595
2340	0.013810694071376766
2345	0.01093220774197442
2350	0.012272333576109502
2355	0.009927694130578904
2360	0.011358681875609513
2365	0.012032556863057046
2370	0.011846499482761345
2375	0.007396408133497708
2380	0.010606572590780954
2385	0.01023373263095001
2390	0.007421120901640464
2395	0.00894263271539932
2400	0.009792168335378574
2405	0.010660452080655244
2410	0.008120746104972387
2415	0.008180411721384442
2420	0.006611104029227646
2425	0.006445336283948137
2430	0.008025635664865699
2435	0.010952599275447986
2440	0.003616605517264176
2445	0.010522898696639835
2450	0.005065022657971052
2455	0.003317778740757442
2460	0.006063601670715601
2465	0.008147201735088185
2470	0.005902193397026501
2475	0.004092008310663027
2480	0.004029035814663766
2485	0.00197021352338721
2490	0.0013760713720127177
2495	0.0008619977581347844
2500	0.0007069382898654073
